feature_0,feature_1,feature_2,feature_3,feature_4,feature_5,feature_6,feature_7,feature_8,feature_9,feature_10,feature_11,feature_12,feature_13,feature_14,feature_15,feature_16,feature_17,feature_18,feature_19,feature_20,feature_21,feature_22,feature_23,feature_24,feature_25,feature_26,feature_27,feature_28,feature_29,feature_30,feature_31,feature_32,feature_33,feature_34,feature_35,feature_36,feature_37,feature_38,feature_39,feature_40,feature_41,feature_42,feature_43,feature_44,feature_45,feature_46,feature_47,feature_48,feature_49,feature_50,feature_51,feature_52,feature_53,feature_54,feature_55,feature_56,feature_57,feature_58,feature_59,feature_60,feature_61,feature_62,feature_63,feature_64,feature_65,feature_66,feature_67,feature_68,feature_69,feature_70,feature_71,feature_72,feature_73,feature_74,feature_75,feature_76,feature_77,feature_78,feature_79,feature_80,feature_81,feature_82,feature_83,feature_84,feature_85,feature_86,feature_87,feature_88,feature_89,feature_90,feature_91,feature_92,feature_93,feature_94,feature_95,feature_96,feature_97,feature_98,feature_99,feature_100,feature_101,feature_102,feature_103,feature_104,feature_105,feature_106,feature_107,feature_108,feature_109,feature_110,feature_111,feature_112,feature_113,feature_114,feature_115,feature_116,feature_117,feature_118,feature_119,feature_120,feature_121,feature_122,feature_123,feature_124,feature_125,feature_126,feature_127,feature_128,feature_129,feature_130,feature_131,feature_132,feature_133,feature_134,feature_135,feature_136,feature_137,feature_138,feature_139,feature_140,feature_141,feature_142,feature_143,feature_144,feature_145,feature_146,feature_147,feature_148,feature_149,feature_150,feature_151,feature_152,feature_153,feature_154,feature_155,feature_156,feature_157,feature_158,feature_159,feature_160,feature_161,feature_162,feature_163,feature_164,feature_165,feature_166,feature_167,feature_168,feature_169,feature_170,feature_171,feature_172,feature_173,feature_174,feature_175,feature_176,feature_177,feature_178,feature_179,feature_180,feature_181,feature_182,feature_183,feature_184,feature_185,feature_186,feature_187,feature_188,feature_189,feature_190,feature_191,feature_192,feature_193,feature_194,feature_195,feature_196,feature_197,feature_198,feature_199,feature_200,feature_201,feature_202,feature_203,feature_204,feature_205,feature_206,feature_207,feature_208,feature_209,feature_210,feature_211,feature_212,feature_213,feature_214,feature_215,feature_216,feature_217,feature_218,feature_219,feature_220,feature_221,feature_222,feature_223,feature_224,feature_225,feature_226,feature_227,feature_228,feature_229,feature_230,feature_231,feature_232,feature_233,feature_234,feature_235,feature_236,feature_237,feature_238,feature_239,feature_240,feature_241,feature_242,feature_243,feature_244,feature_245,feature_246,feature_247,feature_248,feature_249,feature_250,feature_251,feature_252,feature_253,feature_254,feature_255,feature_256,feature_257,feature_258,feature_259,feature_260,feature_261,feature_262,feature_263,feature_264,feature_265,feature_266,feature_267,feature_268,feature_269,feature_270,feature_271,feature_272,feature_273,feature_274,feature_275,feature_276,feature_277,feature_278,feature_279,feature_280,feature_281,feature_282,feature_283,feature_284,feature_285,feature_286,feature_287,feature_288,feature_289,feature_290,feature_291,feature_292,feature_293,feature_294,feature_295,feature_296,feature_297,feature_298,feature_299,feature_300,feature_301,feature_302,feature_303,feature_304,feature_305,feature_306,feature_307,feature_308,feature_309,feature_310,feature_311,feature_312,feature_313,feature_314,feature_315,feature_316,feature_317,feature_318,feature_319,feature_320,feature_321,feature_322,feature_323,feature_324,feature_325,feature_326,feature_327,feature_328,feature_329,feature_330,feature_331,feature_332,feature_333,feature_334,feature_335,feature_336,feature_337,feature_338,feature_339,feature_340,feature_341,feature_342,feature_343,feature_344,feature_345,feature_346,feature_347,feature_348,feature_349,feature_350,feature_351,feature_352,feature_353,feature_354,feature_355,feature_356,feature_357,feature_358,feature_359,feature_360,feature_361,feature_362,feature_363,feature_364,feature_365,feature_366,feature_367,feature_368,feature_369,feature_370,feature_371,feature_372,feature_373,feature_374,feature_375,feature_376,feature_377,feature_378,feature_379,feature_380,feature_381,feature_382,feature_383,feature_384,feature_385,feature_386,feature_387,feature_388,feature_389,feature_390,feature_391,feature_392,feature_393,feature_394,feature_395,feature_396,feature_397,feature_398,feature_399,feature_400,feature_401,feature_402,feature_403,feature_404,feature_405,feature_406,feature_407,feature_408,feature_409,feature_410,feature_411,feature_412,feature_413,feature_414,feature_415,feature_416,feature_417,feature_418,feature_419,feature_420,feature_421,feature_422,feature_423,feature_424,feature_425,feature_426,feature_427,feature_428,feature_429,feature_430,feature_431,feature_432,feature_433,feature_434,feature_435,feature_436,feature_437,feature_438,feature_439,feature_440,feature_441,feature_442,feature_443,feature_444,feature_445,feature_446,feature_447,feature_448,feature_449,feature_450,feature_451,feature_452,feature_453,feature_454,feature_455,feature_456,feature_457,feature_458,feature_459,feature_460,feature_461,feature_462,feature_463,feature_464,feature_465,feature_466,feature_467,feature_468,feature_469,feature_470,feature_471,feature_472,feature_473,feature_474,feature_475,feature_476,feature_477,feature_478,feature_479,feature_480,feature_481,feature_482,feature_483,feature_484,feature_485,feature_486,feature_487,feature_488,feature_489,feature_490,feature_491,feature_492,feature_493,feature_494,feature_495,feature_496,feature_497,feature_498,feature_499,feature_500,feature_501,feature_502,feature_503,feature_504,feature_505,feature_506,feature_507,feature_508,feature_509,feature_510,feature_511,feature_512,feature_513,feature_514,feature_515,feature_516,feature_517,feature_518,feature_519,feature_520,feature_521,feature_522,feature_523,feature_524,feature_525,feature_526,feature_527,feature_528,feature_529,feature_530,feature_531,feature_532,feature_533,feature_534,feature_535,feature_536,feature_537,feature_538,feature_539,feature_540,feature_541,feature_542,feature_543,feature_544,feature_545,feature_546,feature_547,feature_548,feature_549,feature_550,feature_551,feature_552,feature_553,feature_554,feature_555,feature_556,feature_557,feature_558,feature_559,feature_560,feature_561,feature_562,feature_563,feature_564,feature_565,feature_566,feature_567,feature_568,feature_569,feature_570,feature_571,feature_572,feature_573,feature_574,feature_575,feature_576,feature_577,feature_578,feature_579,feature_580,feature_581,feature_582,feature_583,feature_584,feature_585,feature_586,feature_587,feature_588,feature_589,feature_590,feature_591,feature_592,feature_593,feature_594,feature_595,feature_596,feature_597,feature_598,feature_599,feature_600,feature_601,feature_602,feature_603,feature_604,feature_605,feature_606,feature_607,feature_608,feature_609,feature_610,feature_611,feature_612,feature_613,feature_614,feature_615,feature_616,feature_617,feature_618,feature_619,feature_620,feature_621,feature_622,feature_623,feature_624,feature_625,feature_626,feature_627,feature_628,feature_629,feature_630,feature_631,feature_632,feature_633,feature_634,feature_635,feature_636,feature_637,feature_638,feature_639,feature_640,feature_641,feature_642,feature_643,feature_644,feature_645,feature_646,feature_647,feature_648,feature_649,feature_650,feature_651,feature_652,feature_653,feature_654,feature_655,feature_656,feature_657,feature_658,feature_659,feature_660,feature_661,feature_662,feature_663,feature_664,feature_665,feature_666,feature_667,feature_668,feature_669,feature_670,feature_671,feature_672,feature_673,feature_674,feature_675,feature_676,feature_677,feature_678,feature_679,feature_680,feature_681,feature_682,feature_683,feature_684,feature_685,feature_686,feature_687,feature_688,feature_689,feature_690,feature_691,feature_692,feature_693,feature_694,feature_695,feature_696,feature_697,feature_698,feature_699,feature_700,feature_701,feature_702,feature_703,feature_704,feature_705,feature_706,feature_707,feature_708,feature_709,feature_710,feature_711,feature_712,feature_713,feature_714,feature_715,feature_716,feature_717,feature_718,feature_719,feature_720,feature_721,feature_722,feature_723,feature_724,feature_725,feature_726,feature_727,feature_728,feature_729,feature_730,feature_731,feature_732,feature_733,feature_734,feature_735,feature_736,feature_737,feature_738,feature_739,feature_740,feature_741,feature_742,feature_743,feature_744,feature_745,feature_746,feature_747,feature_748,feature_749,feature_750,feature_751,feature_752,feature_753,feature_754,feature_755,feature_756,feature_757,feature_758,feature_759,feature_760,feature_761,feature_762,feature_763,feature_764,feature_765,feature_766,feature_767,feature_768,feature_769,feature_770,feature_771,feature_772,feature_773,feature_774,feature_775,feature_776,feature_777,feature_778,feature_779,feature_780,feature_781,feature_782,feature_783,feature_784,feature_785,feature_786,feature_787,feature_788,feature_789,feature_790,feature_791,feature_792,feature_793,feature_794,feature_795,feature_796,feature_797,feature_798,feature_799,feature_800,feature_801,feature_802,feature_803,feature_804,feature_805,feature_806,feature_807,feature_808,feature_809,feature_810,feature_811,feature_812,feature_813,feature_814,feature_815,feature_816,feature_817,feature_818,feature_819,feature_820,feature_821,feature_822,feature_823,feature_824,feature_825,feature_826,feature_827,feature_828,feature_829,feature_830,feature_831,feature_832,feature_833,feature_834,feature_835,feature_836,feature_837,feature_838,feature_839,feature_840,feature_841,feature_842,feature_843,feature_844,feature_845,feature_846,feature_847,feature_848,feature_849,feature_850,feature_851,feature_852,feature_853,feature_854,feature_855,feature_856,feature_857,feature_858,feature_859,feature_860,feature_861,feature_862,feature_863,feature_864,feature_865,feature_866,feature_867,feature_868,feature_869,feature_870,feature_871,feature_872,feature_873,feature_874,feature_875,feature_876,feature_877,feature_878,feature_879,feature_880,feature_881,feature_882,feature_883,feature_884,feature_885,feature_886,feature_887,feature_888,feature_889,feature_890,feature_891,feature_892,feature_893,feature_894,feature_895,feature_896,feature_897,feature_898,feature_899,feature_900,feature_901,feature_902,feature_903,feature_904,feature_905,feature_906,feature_907,feature_908,feature_909,feature_910,feature_911,feature_912,feature_913,feature_914,feature_915,feature_916,feature_917,feature_918,feature_919,feature_920,feature_921,feature_922,feature_923,feature_924,feature_925,feature_926,feature_927,feature_928,feature_929,feature_930,feature_931,feature_932,feature_933,feature_934,feature_935,feature_936,feature_937,feature_938,feature_939,feature_940,feature_941,feature_942,feature_943,feature_944,feature_945,feature_946,feature_947,feature_948,feature_949,feature_950,feature_951,feature_952,feature_953,feature_954,feature_955,feature_956,feature_957,feature_958,feature_959,feature_960,feature_961,feature_962,feature_963,feature_964,feature_965,feature_966,feature_967,feature_968,feature_969,feature_970,feature_971,feature_972,feature_973,feature_974,feature_975,feature_976,feature_977,feature_978,feature_979,feature_980,feature_981,feature_982,feature_983,feature_984,feature_985,feature_986,feature_987,feature_988,feature_989,feature_990,feature_991,feature_992,feature_993,feature_994,feature_995,feature_996,feature_997,feature_998,feature_999,feature_1000,feature_1001,feature_1002,feature_1003,feature_1004,feature_1005,feature_1006,feature_1007,feature_1008,feature_1009,feature_1010,feature_1011,feature_1012,feature_1013,feature_1014,feature_1015,feature_1016,feature_1017,feature_1018,feature_1019,feature_1020,feature_1021,feature_1022,feature_1023,feature_1024,feature_1025,feature_1026,feature_1027,feature_1028,feature_1029,feature_1030,feature_1031,feature_1032,feature_1033,feature_1034,feature_1035,feature_1036,feature_1037,feature_1038,feature_1039,feature_1040,feature_1041,feature_1042,feature_1043,feature_1044,feature_1045,feature_1046,feature_1047,feature_1048,feature_1049,feature_1050,feature_1051,feature_1052,feature_1053,feature_1054,feature_1055,feature_1056,feature_1057,feature_1058,feature_1059,feature_1060,feature_1061,feature_1062,feature_1063,feature_1064,feature_1065,feature_1066,feature_1067,feature_1068,feature_1069,feature_1070,feature_1071,feature_1072,feature_1073,feature_1074,feature_1075,feature_1076,feature_1077,feature_1078,feature_1079,feature_1080,feature_1081,feature_1082,feature_1083,feature_1084,feature_1085,feature_1086,feature_1087,feature_1088,feature_1089,feature_1090,feature_1091,feature_1092,feature_1093,feature_1094,feature_1095,feature_1096,feature_1097,feature_1098,feature_1099,feature_1100,feature_1101,feature_1102,feature_1103,feature_1104,feature_1105,feature_1106,feature_1107,feature_1108,feature_1109,feature_1110,feature_1111,feature_1112,feature_1113,feature_1114,feature_1115,feature_1116,feature_1117,feature_1118,feature_1119,feature_1120,feature_1121,feature_1122,feature_1123,feature_1124,feature_1125,feature_1126,feature_1127,feature_1128,feature_1129,feature_1130,feature_1131,feature_1132,feature_1133,feature_1134,feature_1135,feature_1136,feature_1137,feature_1138,feature_1139,feature_1140,feature_1141,feature_1142,feature_1143,feature_1144,feature_1145,feature_1146,feature_1147,feature_1148,feature_1149,feature_1150,feature_1151,feature_1152,feature_1153,feature_1154,feature_1155,feature_1156,feature_1157,feature_1158,feature_1159,feature_1160,feature_1161,feature_1162,feature_1163,feature_1164,feature_1165,feature_1166,feature_1167,feature_1168,feature_1169,feature_1170,feature_1171,feature_1172,feature_1173,feature_1174,feature_1175,feature_1176,feature_1177,feature_1178,feature_1179,feature_1180,feature_1181,feature_1182,feature_1183,feature_1184,feature_1185,feature_1186,feature_1187,feature_1188,feature_1189,feature_1190,feature_1191,feature_1192,feature_1193,feature_1194,feature_1195,feature_1196,feature_1197,feature_1198,feature_1199,feature_1200,feature_1201,feature_1202,feature_1203,feature_1204,feature_1205,feature_1206,feature_1207,feature_1208,feature_1209,feature_1210,feature_1211,feature_1212,feature_1213,feature_1214,feature_1215,feature_1216,feature_1217,feature_1218,feature_1219,feature_1220,feature_1221,feature_1222,feature_1223,feature_1224,feature_1225,feature_1226,feature_1227,feature_1228,feature_1229,feature_1230,feature_1231,feature_1232,feature_1233,feature_1234,feature_1235,feature_1236,feature_1237,feature_1238,feature_1239,feature_1240,feature_1241,feature_1242,feature_1243,feature_1244,feature_1245,feature_1246,feature_1247,feature_1248,feature_1249,feature_1250,feature_1251,feature_1252,feature_1253,feature_1254,feature_1255,feature_1256,feature_1257,feature_1258,feature_1259,feature_1260,feature_1261,feature_1262,feature_1263,feature_1264,feature_1265,feature_1266,feature_1267,feature_1268,feature_1269,feature_1270,feature_1271,feature_1272,feature_1273,feature_1274,feature_1275,feature_1276,feature_1277,feature_1278,feature_1279,feature_1280,feature_1281,feature_1282,feature_1283,feature_1284,feature_1285,feature_1286,feature_1287,feature_1288,feature_1289,feature_1290,feature_1291,feature_1292,feature_1293,feature_1294,feature_1295,feature_1296,feature_1297,feature_1298,feature_1299,feature_1300,feature_1301,feature_1302,feature_1303,feature_1304,feature_1305,feature_1306,feature_1307,feature_1308,feature_1309,feature_1310,feature_1311,feature_1312,feature_1313,feature_1314,feature_1315,feature_1316,feature_1317,feature_1318,feature_1319,feature_1320,feature_1321,feature_1322,feature_1323,feature_1324,feature_1325,feature_1326,feature_1327,feature_1328,feature_1329,feature_1330,feature_1331,feature_1332,feature_1333,feature_1334,feature_1335,feature_1336,feature_1337,feature_1338,feature_1339,feature_1340,feature_1341,feature_1342,feature_1343,feature_1344,feature_1345,feature_1346,feature_1347,feature_1348,feature_1349,feature_1350,feature_1351,feature_1352,feature_1353,feature_1354,feature_1355,feature_1356,feature_1357,feature_1358,feature_1359,feature_1360,feature_1361,feature_1362,feature_1363,feature_1364,feature_1365,feature_1366,feature_1367,feature_1368,feature_1369,feature_1370,feature_1371,feature_1372,feature_1373,feature_1374,feature_1375,feature_1376,feature_1377,feature_1378,feature_1379,feature_1380,feature_1381,feature_1382,feature_1383,feature_1384,feature_1385,feature_1386,feature_1387,feature_1388,feature_1389,feature_1390,feature_1391,feature_1392,feature_1393,feature_1394,feature_1395,feature_1396,feature_1397,feature_1398,feature_1399,feature_1400,feature_1401,feature_1402,feature_1403,feature_1404,feature_1405,feature_1406,feature_1407,feature_1408,feature_1409,feature_1410,feature_1411,feature_1412,feature_1413,feature_1414,feature_1415,feature_1416,feature_1417,feature_1418,feature_1419,feature_1420,feature_1421,feature_1422,feature_1423,feature_1424,feature_1425,feature_1426,feature_1427,feature_1428,feature_1429,feature_1430,feature_1431,feature_1432,feature_1433,feature_1434,feature_1435,feature_1436,feature_1437,feature_1438,feature_1439,feature_1440,feature_1441,feature_1442,feature_1443,feature_1444,feature_1445,feature_1446,feature_1447,feature_1448,feature_1449,feature_1450,feature_1451,feature_1452,feature_1453,feature_1454,feature_1455,feature_1456,feature_1457,feature_1458,feature_1459,feature_1460,feature_1461,feature_1462,feature_1463,feature_1464,feature_1465,feature_1466,feature_1467,feature_1468,feature_1469,feature_1470,feature_1471,feature_1472,feature_1473,feature_1474,feature_1475,feature_1476,feature_1477,feature_1478,feature_1479,feature_1480,feature_1481,feature_1482,feature_1483,feature_1484,feature_1485,feature_1486,feature_1487,feature_1488,feature_1489,feature_1490,feature_1491,feature_1492,feature_1493,feature_1494,feature_1495,feature_1496,feature_1497,feature_1498,feature_1499,feature_1500,feature_1501,feature_1502,feature_1503,feature_1504,feature_1505,feature_1506,feature_1507,feature_1508,feature_1509,feature_1510,feature_1511,feature_1512,feature_1513,feature_1514,feature_1515,feature_1516,feature_1517,feature_1518,feature_1519,feature_1520,feature_1521,feature_1522,feature_1523,feature_1524,feature_1525,feature_1526,feature_1527,feature_1528,feature_1529,feature_1530,feature_1531,feature_1532,feature_1533,feature_1534,feature_1535,feature_1536,feature_1537,feature_1538,feature_1539,feature_1540,feature_1541,feature_1542,feature_1543,feature_1544,feature_1545,feature_1546,feature_1547,feature_1548,feature_1549,feature_1550,feature_1551,feature_1552,feature_1553,feature_1554,feature_1555,feature_1556,feature_1557,feature_1558,feature_1559,feature_1560,feature_1561,feature_1562,feature_1563,feature_1564,feature_1565,feature_1566,feature_1567,feature_1568,feature_1569,feature_1570,feature_1571,feature_1572,feature_1573,feature_1574,feature_1575,feature_1576,feature_1577,feature_1578,feature_1579,feature_1580,feature_1581,feature_1582,feature_1583,feature_1584,feature_1585,feature_1586,feature_1587,feature_1588,feature_1589,feature_1590,feature_1591,feature_1592,feature_1593,feature_1594,feature_1595,feature_1596,feature_1597,feature_1598,feature_1599,feature_1600,feature_1601,feature_1602,feature_1603,feature_1604,feature_1605,feature_1606,feature_1607,feature_1608,feature_1609,feature_1610,feature_1611,feature_1612,feature_1613,feature_1614,feature_1615,feature_1616,feature_1617,feature_1618,feature_1619,feature_1620,feature_1621,feature_1622,feature_1623,feature_1624,feature_1625,feature_1626,feature_1627,feature_1628,feature_1629,feature_1630,feature_1631,feature_1632,feature_1633,feature_1634,feature_1635,feature_1636,feature_1637,feature_1638,feature_1639,feature_1640,feature_1641,feature_1642,feature_1643,feature_1644,feature_1645,feature_1646,feature_1647,feature_1648,feature_1649,feature_1650,feature_1651,feature_1652,feature_1653,feature_1654,feature_1655,feature_1656,feature_1657,feature_1658,feature_1659,feature_1660,feature_1661,feature_1662,feature_1663,feature_1664,feature_1665,feature_1666,feature_1667,feature_1668,feature_1669,feature_1670,feature_1671,feature_1672,feature_1673,feature_1674,feature_1675,feature_1676,feature_1677,feature_1678,feature_1679,feature_1680,feature_1681,feature_1682,feature_1683,feature_1684,feature_1685,feature_1686,feature_1687,feature_1688,feature_1689,feature_1690,feature_1691,feature_1692,feature_1693,feature_1694,feature_1695,feature_1696,feature_1697,feature_1698,feature_1699,feature_1700,feature_1701,feature_1702,feature_1703,feature_1704,feature_1705,feature_1706,feature_1707,feature_1708,feature_1709,feature_1710,feature_1711,feature_1712,feature_1713,feature_1714,feature_1715,feature_1716,feature_1717,feature_1718,feature_1719,feature_1720,feature_1721,feature_1722,feature_1723,feature_1724,feature_1725,feature_1726,feature_1727,feature_1728,feature_1729,feature_1730,feature_1731,feature_1732,feature_1733,feature_1734,feature_1735,feature_1736,feature_1737,feature_1738,feature_1739,feature_1740,feature_1741,feature_1742,feature_1743,feature_1744,feature_1745,feature_1746,feature_1747,feature_1748,feature_1749,feature_1750,feature_1751,feature_1752,feature_1753,feature_1754,feature_1755,feature_1756,feature_1757,feature_1758,feature_1759,feature_1760,feature_1761,feature_1762,feature_1763,feature_1764,feature_1765,feature_1766,feature_1767,feature_1768,feature_1769,feature_1770,feature_1771,feature_1772,feature_1773,feature_1774,feature_1775,feature_1776,feature_1777,feature_1778,feature_1779,feature_1780,feature_1781,feature_1782,feature_1783,feature_1784,feature_1785,feature_1786,feature_1787,feature_1788,feature_1789,feature_1790,feature_1791,feature_1792,feature_1793,feature_1794,feature_1795,feature_1796,feature_1797,feature_1798,feature_1799,feature_1800,feature_1801,feature_1802,feature_1803,feature_1804,feature_1805,feature_1806,feature_1807,feature_1808,feature_1809,feature_1810,feature_1811,feature_1812,feature_1813,feature_1814,feature_1815,feature_1816,feature_1817,feature_1818,feature_1819,feature_1820,feature_1821,feature_1822,feature_1823,feature_1824,feature_1825,feature_1826,feature_1827,feature_1828,feature_1829,feature_1830,feature_1831,feature_1832,feature_1833,feature_1834,feature_1835,feature_1836,feature_1837,feature_1838,feature_1839,feature_1840,feature_1841,feature_1842,feature_1843,feature_1844,feature_1845,feature_1846,feature_1847,feature_1848,feature_1849,feature_1850,feature_1851,feature_1852,feature_1853,feature_1854,feature_1855,feature_1856,feature_1857,feature_1858,feature_1859,feature_1860,feature_1861,feature_1862,feature_1863,feature_1864,feature_1865,feature_1866,feature_1867,feature_1868,feature_1869,feature_1870,feature_1871,feature_1872,feature_1873,feature_1874,feature_1875,feature_1876,feature_1877,feature_1878,feature_1879,feature_1880,feature_1881,feature_1882,feature_1883,feature_1884,feature_1885,feature_1886,feature_1887,feature_1888,feature_1889,feature_1890,feature_1891,feature_1892,feature_1893,feature_1894,feature_1895,feature_1896,feature_1897,feature_1898,feature_1899,feature_1900,feature_1901,feature_1902,feature_1903,feature_1904,feature_1905,feature_1906,feature_1907,feature_1908,feature_1909,feature_1910,feature_1911,feature_1912,feature_1913,feature_1914,feature_1915,feature_1916,feature_1917,feature_1918,feature_1919,feature_1920,feature_1921,feature_1922,feature_1923,feature_1924,feature_1925,feature_1926,feature_1927,feature_1928,feature_1929,feature_1930,feature_1931,feature_1932,feature_1933,feature_1934,feature_1935,feature_1936,feature_1937,feature_1938,feature_1939,feature_1940,feature_1941,feature_1942,feature_1943,feature_1944,feature_1945,feature_1946,feature_1947,feature_1948,feature_1949,feature_1950,feature_1951,feature_1952,feature_1953,feature_1954,feature_1955,feature_1956,feature_1957,feature_1958,feature_1959,feature_1960,feature_1961,feature_1962,feature_1963,feature_1964,feature_1965,feature_1966,feature_1967,feature_1968,feature_1969,feature_1970,feature_1971,feature_1972,feature_1973,feature_1974,feature_1975,feature_1976,feature_1977,feature_1978,feature_1979,feature_1980,feature_1981,feature_1982,feature_1983,feature_1984,feature_1985,feature_1986,feature_1987,feature_1988,feature_1989,feature_1990,feature_1991,feature_1992,feature_1993,feature_1994,feature_1995,feature_1996,feature_1997,feature_1998,feature_1999,feature_2000,feature_2001,feature_2002,feature_2003,feature_2004,feature_2005,feature_2006,feature_2007,feature_2008,feature_2009,feature_2010,feature_2011,feature_2012,feature_2013,feature_2014,feature_2015,feature_2016,feature_2017,feature_2018,feature_2019,feature_2020,feature_2021,feature_2022,feature_2023,feature_2024,feature_2025,feature_2026,feature_2027,feature_2028,feature_2029,feature_2030,feature_2031,feature_2032,feature_2033,feature_2034,feature_2035,feature_2036,feature_2037,feature_2038,feature_2039,feature_2040,feature_2041,feature_2042,feature_2043,feature_2044,feature_2045,feature_2046,feature_2047,feature_2048,feature_2049,feature_2050,feature_2051,feature_2052,feature_2053,feature_2054,feature_2055,feature_2056,feature_2057,feature_2058,feature_2059,feature_2060,feature_2061,feature_2062,feature_2063,feature_2064,feature_2065,feature_2066,feature_2067,feature_2068,feature_2069,feature_2070,feature_2071,feature_2072,feature_2073,feature_2074,feature_2075,feature_2076,feature_2077,feature_2078,feature_2079,feature_2080,feature_2081,feature_2082,feature_2083,feature_2084,feature_2085,feature_2086,feature_2087,feature_2088,feature_2089,feature_2090,feature_2091,feature_2092,feature_2093,feature_2094,feature_2095,feature_2096,feature_2097,feature_2098,feature_2099,feature_2100,feature_2101,feature_2102,feature_2103,feature_2104,feature_2105,feature_2106,feature_2107,feature_2108,feature_2109,feature_2110,feature_2111,feature_2112,feature_2113,feature_2114,feature_2115,feature_2116,feature_2117,feature_2118,feature_2119,feature_2120,feature_2121,feature_2122,feature_2123,feature_2124,feature_2125,feature_2126,feature_2127,feature_2128,feature_2129,feature_2130,feature_2131,feature_2132,feature_2133,feature_2134,feature_2135,feature_2136,feature_2137,feature_2138,feature_2139,feature_2140,feature_2141,feature_2142,feature_2143,feature_2144,feature_2145,feature_2146,feature_2147,feature_2148,feature_2149,feature_2150,feature_2151,feature_2152,feature_2153,feature_2154,feature_2155,feature_2156,feature_2157,feature_2158,feature_2159,feature_2160,feature_2161,feature_2162,feature_2163,feature_2164,feature_2165,feature_2166,feature_2167,feature_2168,feature_2169,feature_2170,feature_2171,feature_2172,feature_2173,feature_2174,feature_2175,feature_2176,feature_2177,feature_2178,feature_2179,feature_2180,feature_2181,feature_2182,feature_2183,feature_2184,feature_2185,feature_2186,feature_2187,feature_2188,feature_2189,feature_2190,feature_2191,feature_2192,feature_2193,feature_2194,feature_2195,feature_2196,feature_2197,feature_2198,feature_2199,feature_2200,feature_2201,feature_2202,feature_2203,feature_2204,feature_2205,feature_2206,feature_2207,feature_2208,feature_2209,feature_2210,feature_2211,feature_2212,feature_2213,feature_2214,feature_2215,feature_2216,feature_2217,feature_2218,feature_2219,feature_2220,feature_2221,feature_2222,feature_2223,feature_2224,feature_2225,feature_2226,feature_2227,feature_2228,feature_2229,feature_2230,feature_2231,feature_2232,feature_2233,feature_2234,feature_2235,feature_2236,feature_2237,feature_2238,feature_2239,feature_2240,feature_2241,feature_2242,feature_2243,feature_2244,feature_2245,feature_2246,feature_2247,feature_2248,feature_2249,feature_2250,feature_2251,feature_2252,feature_2253,feature_2254,feature_2255,feature_2256,feature_2257,feature_2258,feature_2259,feature_2260,feature_2261,feature_2262,feature_2263,feature_2264,feature_2265,feature_2266,feature_2267,feature_2268,feature_2269,feature_2270,feature_2271,feature_2272,feature_2273,feature_2274,feature_2275,feature_2276,feature_2277,feature_2278,feature_2279,feature_2280,feature_2281,feature_2282,feature_2283,feature_2284,feature_2285,feature_2286,feature_2287,feature_2288,feature_2289,feature_2290,feature_2291,feature_2292,feature_2293,feature_2294,feature_2295,feature_2296,feature_2297,feature_2298,feature_2299,feature_2300,feature_2301,feature_2302,feature_2303,feature_2304,feature_2305,feature_2306,feature_2307,feature_2308,feature_2309,feature_2310,feature_2311,feature_2312,feature_2313,feature_2314,feature_2315,feature_2316,feature_2317,feature_2318,feature_2319,feature_2320,feature_2321,feature_2322,feature_2323,feature_2324,feature_2325,feature_2326,feature_2327,feature_2328,feature_2329,feature_2330,feature_2331,feature_2332,feature_2333,feature_2334,feature_2335,feature_2336,feature_2337,feature_2338,feature_2339,feature_2340,feature_2341,feature_2342,feature_2343,feature_2344,feature_2345,feature_2346,feature_2347,feature_2348,feature_2349,feature_2350,feature_2351,feature_2352,feature_2353,feature_2354,feature_2355,feature_2356,feature_2357,feature_2358,feature_2359,feature_2360,feature_2361,feature_2362,feature_2363,feature_2364,feature_2365,feature_2366,feature_2367,feature_2368,feature_2369,feature_2370,feature_2371,feature_2372,feature_2373,feature_2374,feature_2375,feature_2376,feature_2377,feature_2378,feature_2379,feature_2380,feature_2381,feature_2382,feature_2383,feature_2384,feature_2385,feature_2386,feature_2387,feature_2388,feature_2389,feature_2390,feature_2391,feature_2392,feature_2393,feature_2394,feature_2395,feature_2396,feature_2397,feature_2398,feature_2399,feature_2400,feature_2401,feature_2402,feature_2403,feature_2404,feature_2405,feature_2406,feature_2407,feature_2408,feature_2409,feature_2410,feature_2411,feature_2412,feature_2413,feature_2414,feature_2415,feature_2416,feature_2417,feature_2418,feature_2419,feature_2420,feature_2421,feature_2422,feature_2423,feature_2424,feature_2425,feature_2426,feature_2427,feature_2428,feature_2429,feature_2430,feature_2431,feature_2432,feature_2433,feature_2434,feature_2435,feature_2436,feature_2437,feature_2438,feature_2439,feature_2440,feature_2441,feature_2442,feature_2443,feature_2444,feature_2445,feature_2446,feature_2447,feature_2448,feature_2449,feature_2450,feature_2451,feature_2452,feature_2453,feature_2454,feature_2455,feature_2456,feature_2457,feature_2458,feature_2459,feature_2460,feature_2461,feature_2462,feature_2463,feature_2464,feature_2465,feature_2466,feature_2467,feature_2468,feature_2469,feature_2470,feature_2471,feature_2472,feature_2473,feature_2474,feature_2475,feature_2476,feature_2477,feature_2478,feature_2479,feature_2480,feature_2481,feature_2482,feature_2483,feature_2484,feature_2485,feature_2486,feature_2487,feature_2488,feature_2489,feature_2490,feature_2491,feature_2492,feature_2493,feature_2494,feature_2495,feature_2496,feature_2497,feature_2498,feature_2499,feature_2500,feature_2501,feature_2502,feature_2503,feature_2504,feature_2505,feature_2506,feature_2507,feature_2508,feature_2509,feature_2510,feature_2511,feature_2512,feature_2513,feature_2514,feature_2515,feature_2516,feature_2517,feature_2518,feature_2519,feature_2520,feature_2521,feature_2522,feature_2523,feature_2524,feature_2525,feature_2526,feature_2527,feature_2528,feature_2529,feature_2530,feature_2531,feature_2532,feature_2533,feature_2534,feature_2535,feature_2536,feature_2537,feature_2538,feature_2539,feature_2540,feature_2541,feature_2542,feature_2543,feature_2544,feature_2545,feature_2546,feature_2547,feature_2548,feature_2549,feature_2550,feature_2551,feature_2552,feature_2553,feature_2554,feature_2555,feature_2556,feature_2557,feature_2558,feature_2559,feature_2560,feature_2561,feature_2562,feature_2563,feature_2564,feature_2565,feature_2566,feature_2567,feature_2568,feature_2569,feature_2570,feature_2571,feature_2572,feature_2573,feature_2574,feature_2575,feature_2576,feature_2577,feature_2578,feature_2579,feature_2580,feature_2581,feature_2582,feature_2583,feature_2584,feature_2585,feature_2586,feature_2587,feature_2588,feature_2589,feature_2590,feature_2591,feature_2592,feature_2593,feature_2594,feature_2595,feature_2596,feature_2597,feature_2598,feature_2599,feature_2600,feature_2601,feature_2602,feature_2603,feature_2604,feature_2605,feature_2606,feature_2607,feature_2608,feature_2609,feature_2610,feature_2611,feature_2612,feature_2613,feature_2614,feature_2615,feature_2616,feature_2617,feature_2618,feature_2619,feature_2620,feature_2621,feature_2622,feature_2623,feature_2624,feature_2625,feature_2626,feature_2627,feature_2628,feature_2629,feature_2630,feature_2631,feature_2632,feature_2633,feature_2634,feature_2635,feature_2636,feature_2637,feature_2638,feature_2639,feature_2640,feature_2641,feature_2642,feature_2643,feature_2644,feature_2645,feature_2646,feature_2647,feature_2648,feature_2649,feature_2650,feature_2651,feature_2652,feature_2653,feature_2654,feature_2655,feature_2656,feature_2657,feature_2658,feature_2659,feature_2660,feature_2661,feature_2662,feature_2663,feature_2664,feature_2665,feature_2666,feature_2667,feature_2668,feature_2669,feature_2670,feature_2671,feature_2672,feature_2673,feature_2674,feature_2675,feature_2676,feature_2677,feature_2678,feature_2679,feature_2680,feature_2681,feature_2682,feature_2683,feature_2684,feature_2685,feature_2686,feature_2687,feature_2688,feature_2689,feature_2690,feature_2691,feature_2692,feature_2693,feature_2694,feature_2695,feature_2696,feature_2697,feature_2698,feature_2699,feature_2700,feature_2701,feature_2702,feature_2703,feature_2704,feature_2705,feature_2706,feature_2707,feature_2708,feature_2709,feature_2710,feature_2711,feature_2712,feature_2713,feature_2714,feature_2715,feature_2716,feature_2717,feature_2718,feature_2719,feature_2720,feature_2721,feature_2722,feature_2723,feature_2724,feature_2725,feature_2726,feature_2727,feature_2728,feature_2729,feature_2730,feature_2731,feature_2732,feature_2733,feature_2734,feature_2735,feature_2736,feature_2737,feature_2738,feature_2739,feature_2740,feature_2741,feature_2742,feature_2743,feature_2744,feature_2745,feature_2746,feature_2747,feature_2748,feature_2749,feature_2750,feature_2751,feature_2752,feature_2753,feature_2754,feature_2755,feature_2756,feature_2757,feature_2758,feature_2759,feature_2760,feature_2761,feature_2762,feature_2763,feature_2764,feature_2765,feature_2766,feature_2767,feature_2768,feature_2769,feature_2770,feature_2771,feature_2772,feature_2773,feature_2774,feature_2775,feature_2776,feature_2777,feature_2778,feature_2779,feature_2780,feature_2781,feature_2782,feature_2783,feature_2784,feature_2785,feature_2786,feature_2787,feature_2788,feature_2789,feature_2790,feature_2791,feature_2792,feature_2793,feature_2794,feature_2795,feature_2796,feature_2797,feature_2798,feature_2799,feature_2800,feature_2801,feature_2802,feature_2803,feature_2804,feature_2805,feature_2806,feature_2807,feature_2808,feature_2809,feature_2810,feature_2811,feature_2812,feature_2813,feature_2814,feature_2815,feature_2816,feature_2817,feature_2818,feature_2819,feature_2820,feature_2821,feature_2822,feature_2823,feature_2824,feature_2825,feature_2826,feature_2827,feature_2828,feature_2829,feature_2830,feature_2831,feature_2832,feature_2833,feature_2834,feature_2835,feature_2836,feature_2837,feature_2838,feature_2839,feature_2840,feature_2841,feature_2842,feature_2843,feature_2844,feature_2845,feature_2846,feature_2847,feature_2848,feature_2849,feature_2850,feature_2851,feature_2852,feature_2853,feature_2854,feature_2855,feature_2856,feature_2857,feature_2858,feature_2859,feature_2860,feature_2861,feature_2862,feature_2863,feature_2864,feature_2865,feature_2866,feature_2867,feature_2868,feature_2869,feature_2870,feature_2871,feature_2872,feature_2873,feature_2874,feature_2875,feature_2876,feature_2877,feature_2878,feature_2879,feature_2880,feature_2881,feature_2882,feature_2883,feature_2884,feature_2885,feature_2886,feature_2887,feature_2888,feature_2889,feature_2890,feature_2891,feature_2892,feature_2893,feature_2894,feature_2895,feature_2896,feature_2897,feature_2898,feature_2899,feature_2900,feature_2901,feature_2902,feature_2903,feature_2904,feature_2905,feature_2906,feature_2907,feature_2908,feature_2909,feature_2910,feature_2911,feature_2912,feature_2913,feature_2914,feature_2915,feature_2916,feature_2917,feature_2918,feature_2919,feature_2920,feature_2921,feature_2922,feature_2923,feature_2924,feature_2925,feature_2926,feature_2927,feature_2928,feature_2929,feature_2930,feature_2931,feature_2932,feature_2933,feature_2934,feature_2935,feature_2936,feature_2937,feature_2938,feature_2939,feature_2940,feature_2941,feature_2942,feature_2943,feature_2944,feature_2945,feature_2946,feature_2947,feature_2948,feature_2949,feature_2950,feature_2951,feature_2952,feature_2953,feature_2954,feature_2955,feature_2956,feature_2957,feature_2958,feature_2959,feature_2960,feature_2961,feature_2962,feature_2963,feature_2964,feature_2965,feature_2966,feature_2967,feature_2968,feature_2969,feature_2970,feature_2971,feature_2972,feature_2973,feature_2974,feature_2975,feature_2976,feature_2977,feature_2978,feature_2979,feature_2980,feature_2981,feature_2982,feature_2983,feature_2984,feature_2985,feature_2986,feature_2987,feature_2988,feature_2989,feature_2990,feature_2991,feature_2992,feature_2993,feature_2994,feature_2995,feature_2996,feature_2997,feature_2998,feature_2999,feature_3000,feature_3001,feature_3002,feature_3003,feature_3004,feature_3005,feature_3006,feature_3007,feature_3008,feature_3009,feature_3010,feature_3011,feature_3012,feature_3013,feature_3014,feature_3015,feature_3016,feature_3017,feature_3018,feature_3019,feature_3020,feature_3021,feature_3022,feature_3023,feature_3024,feature_3025,feature_3026,feature_3027,feature_3028,feature_3029,feature_3030,feature_3031,feature_3032,feature_3033,feature_3034,feature_3035,feature_3036,feature_3037,feature_3038,feature_3039,feature_3040,feature_3041,feature_3042,feature_3043,feature_3044,feature_3045,feature_3046,feature_3047,feature_3048,feature_3049,feature_3050,feature_3051,feature_3052,feature_3053,feature_3054,feature_3055,feature_3056,feature_3057,feature_3058,feature_3059,feature_3060,feature_3061,feature_3062,feature_3063,feature_3064,feature_3065,feature_3066,feature_3067,feature_3068,feature_3069,feature_3070,feature_3071,feature_3072,feature_3073,feature_3074,feature_3075,feature_3076,feature_3077,feature_3078,feature_3079,feature_3080,feature_3081,feature_3082,feature_3083,feature_3084,feature_3085,feature_3086,feature_3087,feature_3088,feature_3089,feature_3090,feature_3091,feature_3092,feature_3093,feature_3094,feature_3095,feature_3096,feature_3097,feature_3098,feature_3099,feature_3100,feature_3101,feature_3102,feature_3103,feature_3104,feature_3105,feature_3106,feature_3107,feature_3108,feature_3109,feature_3110,feature_3111,feature_3112,feature_3113,feature_3114,feature_3115,feature_3116,feature_3117,feature_3118,feature_3119,feature_3120,feature_3121,feature_3122,feature_3123,feature_3124,feature_3125,feature_3126,feature_3127,feature_3128,feature_3129,feature_3130,feature_3131,feature_3132,feature_3133,feature_3134,feature_3135,feature_3136,feature_3137,feature_3138,feature_3139,feature_3140,feature_3141,feature_3142,feature_3143,feature_3144,feature_3145,feature_3146,feature_3147,feature_3148,feature_3149,feature_3150,feature_3151,feature_3152,feature_3153,feature_3154,feature_3155,feature_3156,feature_3157,feature_3158,feature_3159,feature_3160,feature_3161,feature_3162,feature_3163,feature_3164,feature_3165,feature_3166,feature_3167,feature_3168,feature_3169,feature_3170,feature_3171,feature_3172,feature_3173,feature_3174,feature_3175,feature_3176,feature_3177,feature_3178,feature_3179,feature_3180,feature_3181,feature_3182,feature_3183,feature_3184,feature_3185,feature_3186,feature_3187,feature_3188,feature_3189,feature_3190,feature_3191,feature_3192,feature_3193,feature_3194,feature_3195,feature_3196,feature_3197,feature_3198,feature_3199,feature_3200,feature_3201,feature_3202,feature_3203,feature_3204,feature_3205,feature_3206,feature_3207,feature_3208,feature_3209,feature_3210,feature_3211,feature_3212,feature_3213,feature_3214,feature_3215,feature_3216,feature_3217,feature_3218,feature_3219,feature_3220,feature_3221,feature_3222,feature_3223,feature_3224,feature_3225,feature_3226,feature_3227,feature_3228,feature_3229,feature_3230,feature_3231,feature_3232,feature_3233,feature_3234,feature_3235,feature_3236,feature_3237,feature_3238,feature_3239,feature_3240,feature_3241,feature_3242,feature_3243,feature_3244,feature_3245,feature_3246,feature_3247,feature_3248,feature_3249,feature_3250,feature_3251,feature_3252,feature_3253,feature_3254,feature_3255,feature_3256,feature_3257,feature_3258,feature_3259,feature_3260,feature_3261,feature_3262,feature_3263,feature_3264,feature_3265,feature_3266,feature_3267,feature_3268,feature_3269,feature_3270,feature_3271,feature_3272,feature_3273,feature_3274,feature_3275,feature_3276,feature_3277,feature_3278,feature_3279,feature_3280,feature_3281,feature_3282,feature_3283,feature_3284,feature_3285,feature_3286,feature_3287,feature_3288,feature_3289,feature_3290,feature_3291,feature_3292,feature_3293,feature_3294,feature_3295,feature_3296,feature_3297,feature_3298,feature_3299,feature_3300,feature_3301,feature_3302,feature_3303,feature_3304,feature_3305,feature_3306,feature_3307,feature_3308,feature_3309,feature_3310,feature_3311,feature_3312,feature_3313,feature_3314,feature_3315,feature_3316,feature_3317,feature_3318,feature_3319,feature_3320,feature_3321,feature_3322,feature_3323,feature_3324,feature_3325,feature_3326,feature_3327,feature_3328,feature_3329,feature_3330,feature_3331,feature_3332,feature_3333,feature_3334,feature_3335,feature_3336,feature_3337,feature_3338,feature_3339,feature_3340,feature_3341,feature_3342,feature_3343,feature_3344,feature_3345,feature_3346,feature_3347,feature_3348,feature_3349,feature_3350,feature_3351,feature_3352,feature_3353,feature_3354,feature_3355,feature_3356,feature_3357,feature_3358,feature_3359,feature_3360,feature_3361,feature_3362,feature_3363,feature_3364,feature_3365,feature_3366,feature_3367,feature_3368,feature_3369,feature_3370,feature_3371,feature_3372,feature_3373,feature_3374,feature_3375,feature_3376,feature_3377,feature_3378,feature_3379,feature_3380,feature_3381,feature_3382,feature_3383,feature_3384,feature_3385,feature_3386,feature_3387,feature_3388,feature_3389,feature_3390,feature_3391,feature_3392,feature_3393,feature_3394,feature_3395,feature_3396,feature_3397,feature_3398,feature_3399,feature_3400,feature_3401,feature_3402,feature_3403,feature_3404,feature_3405,feature_3406,feature_3407,feature_3408,feature_3409,feature_3410,feature_3411,feature_3412,feature_3413,feature_3414,feature_3415,feature_3416,feature_3417,feature_3418,feature_3419,feature_3420,feature_3421,feature_3422,feature_3423,feature_3424,feature_3425,feature_3426,feature_3427,feature_3428,feature_3429,feature_3430,feature_3431,feature_3432,feature_3433,feature_3434,feature_3435,feature_3436,feature_3437,feature_3438,feature_3439,feature_3440,feature_3441,feature_3442,feature_3443,feature_3444,feature_3445,feature_3446,feature_3447,feature_3448,feature_3449,feature_3450,feature_3451,feature_3452,feature_3453,feature_3454,feature_3455,feature_3456,feature_3457,feature_3458,feature_3459,feature_3460,feature_3461,feature_3462,feature_3463,feature_3464,feature_3465,feature_3466,feature_3467,feature_3468,feature_3469,feature_3470,feature_3471,feature_3472,feature_3473,feature_3474,feature_3475,feature_3476,feature_3477,feature_3478,feature_3479,feature_3480,feature_3481,feature_3482,feature_3483,feature_3484,feature_3485,feature_3486,feature_3487,feature_3488,feature_3489,feature_3490,feature_3491,feature_3492,feature_3493,feature_3494,feature_3495,feature_3496,feature_3497,feature_3498,feature_3499,feature_3500,feature_3501,feature_3502,feature_3503,feature_3504,feature_3505,feature_3506,feature_3507,feature_3508,feature_3509,feature_3510,feature_3511,feature_3512,feature_3513,feature_3514,feature_3515,feature_3516,feature_3517,feature_3518,feature_3519,feature_3520,feature_3521,feature_3522,feature_3523,feature_3524,feature_3525,feature_3526,feature_3527,feature_3528,feature_3529,feature_3530,feature_3531,feature_3532,feature_3533,feature_3534,feature_3535,feature_3536,feature_3537,feature_3538,feature_3539,feature_3540,feature_3541,feature_3542,feature_3543,feature_3544,feature_3545,feature_3546,feature_3547,feature_3548,feature_3549,feature_3550,feature_3551,feature_3552,feature_3553,feature_3554,feature_3555,feature_3556,feature_3557,feature_3558,feature_3559,feature_3560,feature_3561,feature_3562,feature_3563,feature_3564,feature_3565,feature_3566,feature_3567,feature_3568,feature_3569,feature_3570,feature_3571,feature_3572,feature_3573,feature_3574,feature_3575,feature_3576,feature_3577,feature_3578,feature_3579,feature_3580,feature_3581,feature_3582,feature_3583,feature_3584,feature_3585,feature_3586,feature_3587,feature_3588,feature_3589,feature_3590,feature_3591,feature_3592,feature_3593,feature_3594,feature_3595,feature_3596,feature_3597,feature_3598,feature_3599,feature_3600,feature_3601,feature_3602,feature_3603,feature_3604,feature_3605,feature_3606,feature_3607,feature_3608,feature_3609,feature_3610,feature_3611,feature_3612,feature_3613,feature_3614,feature_3615,feature_3616,feature_3617,feature_3618,feature_3619,feature_3620,feature_3621,feature_3622,feature_3623,feature_3624,feature_3625,feature_3626,feature_3627,feature_3628,feature_3629,feature_3630,feature_3631,feature_3632,feature_3633,feature_3634,feature_3635,feature_3636,feature_3637,feature_3638,feature_3639,feature_3640,feature_3641,feature_3642,feature_3643,feature_3644,feature_3645,feature_3646,feature_3647,feature_3648,feature_3649,feature_3650,feature_3651,feature_3652,feature_3653,feature_3654,feature_3655,feature_3656,feature_3657,feature_3658,feature_3659,feature_3660,feature_3661,feature_3662,feature_3663,feature_3664,feature_3665,feature_3666,feature_3667,feature_3668,feature_3669,feature_3670,feature_3671,feature_3672,feature_3673,feature_3674,feature_3675,feature_3676,feature_3677,feature_3678,feature_3679,feature_3680,feature_3681,feature_3682,feature_3683,feature_3684,feature_3685,feature_3686,feature_3687,feature_3688,feature_3689,feature_3690,feature_3691,feature_3692,feature_3693,feature_3694,feature_3695,feature_3696,feature_3697,feature_3698,feature_3699,feature_3700,feature_3701,feature_3702,feature_3703,feature_3704,feature_3705,feature_3706,feature_3707,feature_3708,feature_3709,feature_3710,feature_3711,feature_3712,feature_3713,feature_3714,feature_3715,feature_3716,feature_3717,feature_3718,feature_3719,feature_3720,feature_3721,feature_3722,feature_3723,feature_3724,feature_3725,feature_3726,feature_3727,feature_3728,feature_3729,feature_3730,feature_3731,feature_3732,feature_3733,feature_3734,feature_3735,feature_3736,feature_3737,feature_3738,feature_3739,feature_3740,feature_3741,feature_3742,feature_3743,feature_3744,feature_3745,feature_3746,feature_3747,feature_3748,feature_3749,feature_3750,feature_3751,feature_3752,feature_3753,feature_3754,feature_3755,feature_3756,feature_3757,feature_3758,feature_3759,feature_3760,feature_3761,feature_3762,feature_3763,feature_3764,feature_3765,feature_3766,feature_3767,feature_3768,feature_3769,feature_3770,feature_3771,feature_3772,feature_3773,feature_3774,feature_3775,feature_3776,feature_3777,feature_3778,feature_3779,feature_3780,feature_3781,feature_3782,feature_3783,feature_3784,feature_3785,feature_3786,feature_3787,feature_3788,feature_3789,feature_3790,feature_3791,feature_3792,feature_3793,feature_3794,feature_3795,feature_3796,feature_3797,feature_3798,feature_3799,feature_3800,feature_3801,feature_3802,feature_3803,feature_3804,feature_3805,feature_3806,feature_3807,feature_3808,feature_3809,feature_3810,feature_3811,feature_3812,feature_3813,feature_3814,feature_3815,feature_3816,feature_3817,feature_3818,feature_3819,feature_3820,feature_3821,feature_3822,feature_3823,feature_3824,feature_3825,feature_3826,feature_3827,feature_3828,feature_3829,feature_3830,feature_3831,feature_3832,feature_3833,feature_3834,feature_3835,feature_3836,feature_3837,feature_3838,feature_3839,feature_3840,feature_3841,feature_3842,feature_3843,feature_3844,feature_3845,feature_3846,feature_3847,feature_3848,feature_3849,feature_3850,feature_3851,feature_3852,feature_3853,feature_3854,feature_3855,feature_3856,feature_3857,feature_3858,feature_3859,feature_3860,feature_3861,feature_3862,feature_3863,feature_3864,feature_3865,feature_3866,feature_3867,feature_3868,feature_3869,feature_3870,feature_3871,feature_3872,feature_3873,feature_3874,feature_3875,feature_3876,feature_3877,feature_3878,feature_3879,feature_3880,feature_3881,feature_3882,feature_3883,feature_3884,feature_3885,feature_3886,feature_3887,feature_3888,feature_3889,feature_3890,feature_3891,feature_3892,feature_3893,feature_3894,feature_3895,feature_3896,feature_3897,feature_3898,feature_3899,feature_3900,feature_3901,feature_3902,feature_3903,feature_3904,feature_3905,feature_3906,feature_3907,feature_3908,feature_3909,feature_3910,feature_3911,feature_3912,feature_3913,feature_3914,feature_3915,feature_3916,feature_3917,feature_3918,feature_3919,feature_3920,feature_3921,feature_3922,feature_3923,feature_3924,feature_3925,feature_3926,feature_3927,feature_3928,feature_3929,feature_3930,feature_3931,feature_3932,feature_3933,feature_3934,feature_3935,feature_3936,feature_3937,feature_3938,feature_3939,feature_3940,feature_3941,feature_3942,feature_3943,feature_3944,feature_3945,feature_3946,feature_3947,feature_3948,feature_3949,feature_3950,feature_3951,feature_3952,feature_3953,feature_3954,feature_3955,feature_3956,feature_3957,feature_3958,feature_3959,feature_3960,feature_3961,feature_3962,feature_3963,feature_3964,feature_3965,feature_3966,feature_3967,feature_3968,feature_3969,feature_3970,feature_3971,feature_3972,feature_3973,feature_3974,feature_3975,feature_3976,feature_3977,feature_3978,feature_3979,feature_3980,feature_3981,feature_3982,feature_3983,feature_3984,feature_3985,feature_3986,feature_3987,feature_3988,feature_3989,feature_3990,feature_3991,feature_3992,feature_3993,feature_3994,feature_3995,feature_3996,feature_3997,feature_3998,feature_3999,feature_4000,feature_4001,feature_4002,feature_4003,feature_4004,feature_4005,feature_4006,feature_4007,feature_4008,feature_4009,feature_4010,feature_4011,feature_4012,feature_4013,feature_4014,feature_4015,feature_4016,feature_4017,feature_4018,feature_4019,feature_4020,feature_4021,feature_4022,feature_4023,feature_4024,feature_4025,feature_4026,feature_4027,feature_4028,feature_4029,feature_4030,feature_4031,feature_4032,feature_4033,feature_4034,feature_4035,feature_4036,feature_4037,feature_4038,feature_4039,feature_4040,feature_4041,feature_4042,feature_4043,feature_4044,feature_4045,feature_4046,feature_4047,feature_4048,feature_4049,feature_4050,feature_4051,feature_4052,feature_4053,feature_4054,feature_4055,feature_4056,feature_4057,feature_4058,feature_4059,feature_4060,feature_4061,feature_4062,feature_4063,feature_4064,feature_4065,feature_4066,feature_4067,feature_4068,feature_4069,feature_4070,feature_4071,feature_4072,feature_4073,feature_4074,feature_4075,feature_4076,feature_4077,feature_4078,feature_4079,feature_4080,feature_4081,feature_4082,feature_4083,feature_4084,feature_4085,feature_4086,feature_4087,feature_4088,feature_4089,feature_4090,feature_4091,feature_4092,feature_4093,feature_4094,feature_4095,feature_4096,feature_4097,feature_4098,feature_4099,feature_4100,feature_4101,feature_4102,feature_4103,feature_4104,feature_4105,feature_4106,feature_4107,feature_4108,feature_4109,feature_4110,feature_4111,feature_4112,feature_4113,feature_4114,feature_4115,feature_4116,feature_4117,feature_4118,feature_4119,feature_4120,feature_4121,feature_4122,feature_4123,feature_4124,feature_4125,feature_4126,feature_4127,feature_4128,feature_4129,feature_4130,feature_4131,feature_4132,feature_4133,feature_4134,feature_4135,feature_4136,feature_4137,feature_4138,feature_4139,feature_4140,feature_4141,feature_4142,feature_4143,feature_4144,feature_4145,feature_4146,feature_4147,feature_4148,feature_4149,feature_4150,feature_4151,feature_4152,feature_4153,feature_4154,feature_4155,feature_4156,feature_4157,feature_4158,feature_4159,feature_4160,feature_4161,feature_4162,feature_4163,feature_4164,feature_4165,feature_4166,feature_4167,feature_4168,feature_4169,feature_4170,feature_4171,feature_4172,feature_4173,feature_4174,feature_4175,feature_4176,feature_4177,feature_4178,feature_4179,feature_4180,feature_4181,feature_4182,feature_4183,feature_4184,feature_4185,feature_4186,feature_4187,feature_4188,feature_4189,feature_4190,feature_4191,feature_4192,feature_4193,feature_4194,feature_4195,feature_4196,feature_4197,feature_4198,feature_4199,feature_4200,feature_4201,feature_4202,feature_4203,feature_4204,feature_4205,feature_4206,feature_4207,feature_4208,feature_4209,feature_4210,feature_4211,feature_4212,feature_4213,feature_4214,feature_4215,feature_4216,feature_4217,feature_4218,feature_4219,feature_4220,feature_4221,feature_4222,feature_4223,feature_4224,feature_4225,feature_4226,feature_4227,feature_4228,feature_4229,feature_4230,feature_4231,feature_4232,feature_4233,feature_4234,feature_4235,feature_4236,feature_4237,feature_4238,feature_4239,feature_4240,feature_4241,feature_4242,feature_4243,feature_4244,feature_4245,feature_4246,feature_4247,feature_4248,feature_4249,feature_4250,feature_4251,feature_4252,feature_4253,feature_4254,feature_4255,feature_4256,feature_4257,feature_4258,feature_4259,feature_4260,feature_4261,feature_4262,feature_4263,feature_4264,feature_4265,feature_4266,feature_4267,feature_4268,feature_4269,feature_4270,feature_4271,feature_4272,feature_4273,feature_4274,feature_4275,feature_4276,feature_4277,feature_4278,feature_4279,feature_4280,feature_4281,feature_4282,feature_4283,feature_4284,feature_4285,feature_4286,feature_4287,feature_4288,feature_4289,feature_4290,feature_4291,feature_4292,feature_4293,feature_4294,feature_4295,feature_4296,feature_4297,feature_4298,feature_4299,feature_4300,feature_4301,feature_4302,feature_4303,feature_4304,feature_4305,feature_4306,feature_4307,feature_4308,feature_4309,feature_4310,feature_4311,feature_4312,feature_4313,feature_4314,feature_4315,feature_4316,feature_4317,feature_4318,feature_4319,feature_4320,feature_4321,feature_4322,feature_4323,feature_4324,feature_4325,feature_4326,feature_4327,feature_4328,feature_4329,feature_4330,feature_4331,feature_4332,feature_4333,feature_4334,feature_4335,feature_4336,feature_4337,feature_4338,feature_4339,feature_4340,feature_4341,feature_4342,feature_4343,feature_4344,feature_4345,feature_4346,feature_4347,feature_4348,feature_4349,feature_4350,feature_4351,feature_4352,feature_4353,feature_4354,feature_4355,feature_4356,feature_4357,feature_4358,feature_4359,feature_4360,feature_4361,feature_4362,feature_4363,feature_4364,feature_4365,feature_4366,feature_4367,feature_4368,feature_4369,feature_4370,feature_4371,feature_4372,feature_4373,feature_4374,feature_4375,feature_4376,feature_4377,feature_4378,feature_4379,feature_4380,feature_4381,feature_4382,feature_4383,feature_4384,feature_4385,feature_4386,feature_4387,feature_4388,feature_4389,feature_4390,feature_4391,feature_4392,feature_4393,feature_4394,feature_4395,feature_4396,feature_4397,feature_4398,feature_4399,feature_4400,feature_4401,feature_4402,feature_4403,feature_4404,feature_4405,feature_4406,feature_4407,feature_4408,feature_4409,feature_4410,feature_4411,feature_4412,feature_4413,feature_4414,feature_4415,feature_4416,feature_4417,feature_4418,feature_4419,feature_4420,feature_4421,feature_4422,feature_4423,feature_4424,feature_4425,feature_4426,feature_4427,feature_4428,feature_4429,feature_4430,feature_4431,feature_4432,feature_4433,feature_4434,feature_4435,feature_4436,feature_4437,feature_4438,feature_4439,feature_4440,feature_4441,feature_4442,feature_4443,feature_4444,feature_4445,feature_4446,feature_4447,feature_4448,feature_4449,feature_4450,feature_4451,feature_4452,feature_4453,feature_4454,feature_4455,feature_4456,feature_4457,feature_4458,feature_4459,feature_4460,feature_4461,feature_4462,feature_4463,feature_4464,feature_4465,feature_4466,feature_4467,feature_4468,feature_4469,feature_4470,feature_4471,feature_4472,feature_4473,feature_4474,feature_4475,feature_4476,feature_4477,feature_4478,feature_4479,feature_4480,feature_4481,feature_4482,feature_4483,feature_4484,feature_4485,feature_4486,feature_4487,feature_4488,feature_4489,feature_4490,feature_4491,feature_4492,feature_4493,feature_4494,feature_4495,feature_4496,feature_4497,feature_4498,feature_4499,feature_4500,feature_4501,feature_4502,feature_4503,feature_4504,feature_4505,feature_4506,feature_4507,feature_4508,feature_4509,feature_4510,feature_4511,feature_4512,feature_4513,feature_4514,feature_4515,feature_4516,feature_4517,feature_4518,feature_4519,feature_4520,feature_4521,feature_4522,feature_4523,feature_4524,feature_4525,feature_4526,feature_4527,feature_4528,feature_4529,feature_4530,feature_4531,feature_4532,feature_4533,feature_4534,feature_4535,feature_4536,feature_4537,feature_4538,feature_4539,feature_4540,feature_4541,feature_4542,feature_4543,feature_4544,feature_4545,feature_4546,feature_4547,feature_4548,feature_4549,feature_4550,feature_4551,feature_4552,feature_4553,feature_4554,feature_4555,feature_4556,feature_4557,feature_4558,feature_4559,feature_4560,feature_4561,feature_4562,feature_4563,feature_4564,feature_4565,feature_4566,feature_4567,feature_4568,feature_4569,feature_4570,feature_4571,feature_4572,feature_4573,feature_4574,feature_4575,feature_4576,feature_4577,feature_4578,feature_4579,feature_4580,feature_4581,feature_4582,feature_4583,feature_4584,feature_4585,feature_4586,feature_4587,feature_4588,feature_4589,feature_4590,feature_4591,feature_4592,feature_4593,feature_4594,feature_4595,feature_4596,feature_4597,feature_4598,feature_4599,feature_4600,feature_4601,feature_4602,feature_4603,feature_4604,feature_4605,feature_4606,feature_4607,feature_4608,feature_4609,feature_4610,feature_4611,feature_4612,feature_4613,feature_4614,feature_4615,feature_4616,feature_4617,feature_4618,feature_4619,feature_4620,feature_4621,feature_4622,feature_4623,feature_4624,feature_4625,feature_4626,feature_4627,feature_4628,feature_4629,feature_4630,feature_4631,feature_4632,feature_4633,feature_4634,feature_4635,feature_4636,feature_4637,feature_4638,feature_4639,feature_4640,feature_4641,feature_4642,feature_4643,feature_4644,feature_4645,feature_4646,feature_4647,feature_4648,feature_4649,feature_4650,feature_4651,feature_4652,feature_4653,feature_4654,feature_4655,feature_4656,feature_4657,feature_4658,feature_4659,feature_4660,feature_4661,feature_4662,feature_4663,feature_4664,feature_4665,feature_4666,feature_4667,feature_4668,feature_4669,feature_4670,feature_4671,feature_4672,feature_4673,feature_4674,feature_4675,feature_4676,feature_4677,feature_4678,feature_4679,feature_4680,feature_4681,feature_4682,feature_4683,feature_4684,feature_4685,feature_4686,feature_4687,feature_4688,feature_4689,feature_4690,feature_4691,feature_4692,feature_4693,feature_4694,feature_4695,feature_4696,feature_4697,feature_4698,feature_4699,feature_4700,feature_4701,feature_4702,feature_4703,feature_4704,feature_4705,feature_4706,feature_4707,feature_4708,feature_4709,feature_4710,feature_4711,feature_4712,feature_4713,feature_4714,feature_4715,feature_4716,feature_4717,feature_4718,feature_4719,feature_4720,feature_4721,feature_4722,feature_4723,feature_4724,feature_4725,feature_4726,feature_4727,feature_4728,feature_4729,feature_4730,feature_4731,feature_4732,feature_4733,feature_4734,feature_4735,feature_4736,feature_4737,feature_4738,feature_4739,feature_4740,feature_4741,feature_4742,feature_4743,feature_4744,feature_4745,feature_4746,feature_4747,feature_4748,feature_4749,feature_4750,feature_4751,feature_4752,feature_4753,feature_4754,feature_4755,feature_4756,feature_4757,feature_4758,feature_4759,feature_4760,feature_4761,feature_4762,feature_4763,feature_4764,feature_4765,feature_4766,feature_4767,feature_4768,feature_4769,feature_4770,feature_4771,feature_4772,feature_4773,feature_4774,feature_4775,feature_4776,feature_4777,feature_4778,feature_4779,feature_4780,feature_4781,feature_4782,feature_4783,feature_4784,feature_4785,feature_4786,feature_4787,feature_4788,feature_4789,feature_4790,feature_4791,feature_4792,feature_4793,feature_4794,feature_4795,feature_4796,feature_4797,feature_4798,feature_4799,feature_4800,feature_4801,feature_4802,feature_4803,feature_4804,feature_4805,feature_4806,feature_4807,feature_4808,feature_4809,feature_4810,feature_4811,feature_4812,feature_4813,feature_4814,feature_4815,feature_4816,feature_4817,feature_4818,feature_4819,feature_4820,feature_4821,feature_4822,feature_4823,feature_4824,feature_4825,feature_4826,feature_4827,feature_4828,feature_4829,feature_4830,feature_4831,feature_4832,feature_4833,feature_4834,feature_4835,feature_4836,feature_4837,feature_4838,feature_4839,feature_4840,feature_4841,feature_4842,feature_4843,feature_4844,feature_4845,feature_4846,feature_4847,feature_4848,feature_4849,feature_4850,feature_4851,feature_4852,feature_4853,feature_4854,feature_4855,feature_4856,feature_4857,feature_4858,feature_4859,feature_4860,feature_4861,feature_4862,feature_4863,feature_4864,feature_4865,feature_4866,feature_4867,feature_4868,feature_4869,feature_4870,feature_4871,feature_4872,feature_4873,feature_4874,feature_4875,feature_4876,feature_4877,feature_4878,feature_4879,feature_4880,feature_4881,feature_4882,feature_4883,feature_4884,feature_4885,feature_4886,feature_4887,feature_4888,feature_4889,feature_4890,feature_4891,feature_4892,feature_4893,feature_4894,feature_4895,feature_4896,feature_4897,feature_4898,feature_4899,feature_4900,feature_4901,feature_4902,feature_4903,feature_4904,feature_4905,feature_4906,feature_4907,feature_4908,feature_4909,feature_4910,feature_4911,feature_4912,feature_4913,feature_4914,feature_4915,feature_4916,feature_4917,feature_4918,feature_4919,feature_4920,feature_4921,feature_4922,feature_4923,feature_4924,feature_4925,feature_4926,feature_4927,feature_4928,feature_4929,feature_4930,feature_4931,feature_4932,feature_4933,feature_4934,feature_4935,feature_4936,feature_4937,feature_4938,feature_4939,feature_4940,feature_4941,feature_4942,feature_4943,feature_4944,feature_4945,feature_4946,feature_4947,feature_4948,feature_4949,feature_4950,feature_4951,feature_4952,feature_4953,feature_4954,feature_4955,feature_4956,feature_4957,feature_4958,feature_4959,feature_4960,feature_4961,feature_4962,feature_4963,feature_4964,feature_4965,feature_4966,feature_4967,feature_4968,feature_4969,feature_4970,feature_4971,feature_4972,feature_4973,feature_4974,feature_4975,feature_4976,feature_4977,feature_4978,feature_4979,feature_4980,feature_4981,feature_4982,feature_4983,feature_4984,feature_4985,feature_4986,feature_4987,feature_4988,feature_4989,feature_4990,feature_4991,feature_4992,feature_4993,feature_4994,feature_4995,feature_4996,feature_4997,feature_4998,feature_4999,feature_5000,feature_5001,feature_5002,feature_5003,feature_5004,feature_5005,feature_5006,feature_5007,feature_5008,feature_5009,feature_5010,feature_5011,feature_5012,feature_5013,feature_5014,feature_5015,feature_5016,feature_5017,feature_5018,feature_5019,feature_5020,feature_5021,feature_5022,feature_5023,feature_5024,feature_5025,feature_5026,feature_5027,feature_5028,feature_5029,feature_5030,feature_5031,feature_5032,feature_5033,feature_5034,feature_5035,feature_5036,feature_5037,feature_5038,feature_5039,feature_5040,feature_5041,feature_5042,feature_5043,feature_5044,feature_5045,feature_5046,feature_5047,feature_5048,feature_5049,feature_5050,feature_5051,feature_5052,feature_5053,feature_5054,feature_5055,feature_5056,feature_5057,feature_5058,feature_5059,feature_5060,feature_5061,feature_5062,feature_5063,feature_5064,feature_5065,feature_5066,feature_5067,feature_5068,feature_5069,feature_5070,feature_5071,feature_5072,feature_5073,feature_5074,feature_5075,feature_5076,feature_5077,feature_5078,feature_5079,feature_5080,feature_5081,feature_5082,feature_5083,feature_5084,feature_5085,feature_5086,feature_5087,feature_5088,feature_5089,feature_5090,feature_5091,feature_5092,feature_5093,feature_5094,feature_5095,feature_5096,feature_5097,feature_5098,feature_5099,feature_5100,feature_5101,feature_5102,feature_5103,feature_5104,feature_5105,feature_5106,feature_5107,feature_5108,feature_5109,feature_5110,feature_5111,feature_5112,feature_5113,feature_5114,feature_5115,feature_5116,feature_5117,feature_5118,feature_5119,feature_5120,feature_5121,feature_5122,feature_5123,feature_5124,feature_5125,feature_5126,feature_5127,feature_5128,feature_5129,feature_5130,feature_5131,feature_5132,feature_5133,feature_5134,feature_5135,feature_5136,feature_5137,feature_5138,feature_5139,feature_5140,feature_5141,feature_5142,feature_5143,feature_5144,feature_5145,feature_5146,feature_5147,feature_5148,feature_5149,feature_5150,feature_5151,feature_5152,feature_5153,feature_5154,feature_5155,feature_5156,feature_5157,feature_5158,feature_5159,feature_5160,feature_5161,feature_5162,feature_5163,feature_5164,feature_5165,feature_5166,feature_5167,feature_5168,feature_5169,feature_5170,feature_5171,feature_5172,feature_5173,feature_5174,feature_5175,feature_5176,feature_5177,feature_5178,feature_5179,feature_5180,feature_5181,feature_5182,feature_5183,feature_5184,feature_5185,feature_5186,feature_5187,feature_5188,feature_5189,feature_5190,feature_5191,feature_5192,feature_5193,feature_5194,feature_5195,feature_5196,feature_5197,feature_5198,feature_5199,feature_5200,feature_5201,feature_5202,feature_5203,feature_5204,feature_5205,feature_5206,feature_5207,feature_5208,feature_5209,feature_5210,feature_5211,feature_5212,feature_5213,feature_5214,feature_5215,feature_5216,feature_5217,feature_5218,feature_5219,feature_5220,feature_5221,feature_5222,feature_5223,feature_5224,feature_5225,feature_5226,feature_5227,feature_5228,feature_5229,feature_5230,feature_5231,feature_5232,feature_5233,feature_5234,feature_5235,feature_5236,feature_5237,feature_5238,feature_5239,feature_5240,feature_5241,feature_5242,feature_5243,feature_5244,feature_5245,feature_5246,feature_5247,feature_5248,feature_5249,feature_5250,feature_5251,feature_5252,feature_5253,feature_5254,feature_5255,feature_5256,feature_5257,feature_5258,feature_5259,feature_5260,feature_5261,feature_5262,feature_5263,feature_5264,feature_5265,feature_5266,feature_5267,feature_5268,feature_5269,feature_5270,feature_5271,feature_5272,feature_5273,feature_5274,feature_5275,feature_5276,feature_5277,feature_5278,feature_5279,feature_5280,feature_5281,feature_5282,feature_5283,feature_5284,feature_5285,feature_5286,feature_5287,feature_5288,feature_5289,feature_5290,feature_5291,feature_5292,feature_5293,feature_5294,feature_5295,feature_5296,feature_5297,feature_5298,feature_5299,feature_5300,feature_5301,feature_5302,feature_5303,feature_5304,feature_5305,feature_5306,feature_5307,feature_5308,feature_5309,feature_5310,feature_5311,feature_5312,feature_5313,feature_5314,feature_5315,feature_5316,feature_5317,feature_5318,feature_5319,feature_5320,feature_5321,feature_5322,feature_5323,feature_5324,feature_5325,feature_5326,feature_5327,feature_5328,feature_5329,feature_5330,feature_5331,feature_5332,feature_5333,feature_5334,feature_5335,feature_5336,feature_5337,feature_5338,feature_5339,feature_5340,feature_5341,feature_5342,feature_5343,feature_5344,feature_5345,feature_5346,feature_5347,feature_5348,feature_5349,feature_5350,feature_5351,feature_5352,feature_5353,feature_5354,feature_5355,feature_5356,feature_5357,feature_5358,feature_5359,feature_5360,feature_5361,feature_5362,feature_5363,feature_5364,feature_5365,feature_5366,feature_5367,feature_5368,feature_5369,feature_5370,feature_5371,feature_5372,feature_5373,feature_5374,feature_5375,feature_5376,feature_5377,feature_5378,feature_5379,feature_5380,feature_5381,feature_5382,feature_5383,feature_5384,feature_5385,feature_5386,feature_5387,feature_5388,feature_5389,feature_5390,feature_5391,feature_5392,feature_5393,feature_5394,feature_5395,feature_5396,feature_5397,feature_5398,feature_5399,feature_5400,feature_5401,feature_5402,feature_5403,feature_5404,feature_5405,feature_5406,feature_5407,feature_5408,feature_5409,feature_5410,feature_5411,feature_5412,feature_5413,feature_5414,feature_5415,feature_5416,feature_5417,feature_5418,feature_5419,feature_5420,feature_5421,feature_5422,feature_5423,feature_5424,feature_5425,feature_5426,feature_5427,feature_5428,feature_5429,feature_5430,feature_5431,feature_5432,feature_5433,feature_5434,feature_5435,feature_5436,feature_5437,feature_5438,feature_5439,feature_5440,feature_5441,feature_5442,feature_5443,feature_5444,feature_5445,feature_5446,feature_5447,feature_5448,feature_5449,feature_5450,feature_5451,feature_5452,feature_5453,feature_5454,feature_5455,feature_5456,feature_5457,feature_5458,feature_5459,feature_5460,feature_5461,feature_5462,feature_5463,feature_5464,feature_5465,feature_5466,feature_5467,feature_5468,feature_5469,feature_5470,feature_5471,feature_5472,feature_5473,feature_5474,feature_5475,feature_5476,feature_5477,feature_5478,feature_5479,feature_5480,feature_5481,feature_5482,feature_5483,feature_5484,feature_5485,feature_5486,feature_5487,feature_5488,feature_5489,feature_5490,feature_5491,feature_5492,feature_5493,feature_5494,feature_5495,feature_5496,feature_5497,feature_5498,feature_5499,feature_5500,feature_5501,feature_5502,feature_5503,feature_5504,feature_5505,feature_5506,feature_5507,feature_5508,feature_5509,feature_5510,feature_5511,feature_5512,feature_5513,feature_5514,feature_5515,feature_5516,feature_5517,feature_5518,feature_5519,feature_5520,feature_5521,feature_5522,feature_5523,feature_5524,feature_5525,feature_5526,feature_5527,feature_5528,feature_5529,feature_5530,feature_5531,feature_5532,feature_5533,feature_5534,feature_5535,feature_5536,feature_5537,feature_5538,feature_5539,feature_5540,feature_5541,feature_5542,feature_5543,feature_5544,feature_5545,feature_5546,feature_5547,feature_5548,feature_5549,feature_5550,feature_5551,feature_5552,feature_5553,feature_5554,feature_5555,feature_5556,feature_5557,feature_5558,feature_5559,feature_5560,feature_5561,feature_5562,feature_5563,feature_5564,feature_5565,feature_5566,feature_5567,feature_5568,feature_5569,feature_5570,feature_5571,feature_5572,feature_5573,feature_5574,feature_5575,feature_5576,feature_5577,feature_5578,feature_5579,feature_5580,feature_5581,feature_5582,feature_5583,feature_5584,feature_5585,feature_5586,feature_5587,feature_5588,feature_5589,feature_5590,feature_5591,feature_5592,feature_5593,feature_5594,feature_5595,feature_5596,feature_5597,feature_5598,feature_5599,feature_5600,feature_5601,feature_5602,feature_5603,feature_5604,feature_5605,feature_5606,feature_5607,feature_5608,feature_5609,feature_5610,feature_5611,feature_5612,feature_5613,feature_5614,feature_5615,feature_5616,feature_5617,feature_5618,feature_5619,feature_5620,feature_5621,feature_5622,feature_5623,feature_5624,feature_5625,feature_5626,feature_5627,feature_5628,feature_5629,feature_5630,feature_5631,feature_5632,feature_5633,feature_5634,feature_5635,feature_5636,feature_5637,feature_5638,feature_5639,feature_5640,feature_5641,feature_5642,feature_5643,feature_5644,feature_5645,feature_5646,feature_5647,feature_5648,feature_5649,feature_5650,feature_5651,feature_5652,feature_5653,feature_5654,feature_5655,feature_5656,feature_5657,feature_5658,feature_5659,feature_5660,feature_5661,feature_5662,feature_5663,feature_5664,feature_5665,feature_5666,feature_5667,feature_5668,feature_5669,feature_5670,feature_5671,feature_5672,feature_5673,feature_5674,feature_5675,feature_5676,feature_5677,feature_5678,feature_5679,feature_5680,feature_5681,feature_5682,feature_5683,feature_5684,feature_5685,feature_5686,feature_5687,feature_5688,feature_5689,feature_5690,feature_5691,feature_5692,feature_5693,feature_5694,feature_5695,feature_5696,feature_5697,feature_5698,feature_5699,feature_5700,feature_5701,feature_5702,feature_5703,feature_5704,feature_5705,feature_5706,feature_5707,feature_5708,feature_5709,feature_5710,feature_5711,feature_5712,feature_5713,feature_5714,feature_5715,feature_5716,feature_5717,feature_5718,feature_5719,feature_5720,feature_5721,feature_5722,feature_5723,feature_5724,feature_5725,feature_5726,feature_5727,feature_5728,feature_5729,feature_5730,feature_5731,feature_5732,feature_5733,feature_5734,feature_5735,feature_5736,feature_5737,feature_5738,feature_5739,feature_5740,feature_5741,feature_5742,feature_5743,feature_5744,feature_5745,feature_5746,feature_5747,feature_5748,feature_5749,feature_5750,feature_5751,feature_5752,feature_5753,feature_5754,feature_5755,feature_5756,feature_5757,feature_5758,feature_5759,feature_5760,feature_5761,feature_5762,feature_5763,feature_5764,feature_5765,feature_5766,feature_5767,feature_5768,feature_5769,feature_5770,feature_5771,feature_5772,feature_5773,feature_5774,feature_5775,feature_5776,feature_5777,feature_5778,feature_5779,feature_5780,feature_5781,feature_5782,feature_5783,feature_5784,feature_5785,feature_5786,feature_5787,feature_5788,feature_5789,feature_5790,feature_5791,feature_5792,feature_5793,feature_5794,feature_5795,feature_5796,feature_5797,feature_5798,feature_5799,feature_5800,feature_5801,feature_5802,feature_5803,feature_5804,feature_5805,feature_5806,feature_5807,feature_5808,feature_5809,feature_5810,feature_5811,feature_5812,feature_5813,feature_5814,feature_5815,feature_5816,feature_5817,feature_5818,feature_5819,feature_5820,feature_5821,feature_5822,feature_5823,feature_5824,feature_5825,feature_5826,feature_5827,feature_5828,feature_5829,feature_5830,feature_5831,feature_5832,feature_5833,feature_5834,feature_5835,feature_5836,feature_5837,feature_5838,feature_5839,feature_5840,feature_5841,feature_5842,feature_5843,feature_5844,feature_5845,feature_5846,feature_5847,feature_5848,feature_5849,feature_5850,feature_5851,feature_5852,feature_5853,feature_5854,feature_5855,feature_5856,feature_5857,feature_5858,feature_5859,feature_5860,feature_5861,feature_5862,feature_5863,feature_5864,feature_5865,feature_5866,feature_5867,feature_5868,feature_5869,feature_5870,feature_5871,feature_5872,feature_5873,feature_5874,feature_5875,feature_5876,feature_5877,feature_5878,feature_5879,feature_5880,feature_5881,feature_5882,feature_5883,feature_5884,feature_5885,feature_5886,feature_5887,feature_5888,feature_5889,feature_5890,feature_5891,feature_5892,feature_5893,feature_5894,feature_5895,feature_5896,feature_5897,feature_5898,feature_5899,feature_5900,feature_5901,feature_5902,feature_5903,feature_5904,feature_5905,feature_5906,feature_5907,feature_5908,feature_5909,feature_5910,feature_5911,feature_5912,feature_5913,feature_5914,feature_5915,feature_5916,feature_5917,feature_5918,feature_5919,feature_5920,feature_5921,feature_5922,feature_5923,feature_5924,feature_5925,feature_5926,feature_5927,feature_5928,feature_5929,feature_5930,feature_5931,feature_5932,feature_5933,feature_5934,feature_5935,feature_5936,feature_5937,feature_5938,feature_5939,feature_5940,feature_5941,feature_5942,feature_5943,feature_5944,feature_5945,feature_5946,feature_5947,feature_5948,feature_5949,feature_5950,feature_5951,feature_5952,feature_5953,feature_5954,feature_5955,feature_5956,feature_5957,feature_5958,feature_5959,feature_5960,feature_5961,feature_5962,feature_5963,feature_5964,feature_5965,feature_5966,feature_5967,feature_5968,feature_5969,feature_5970,feature_5971,feature_5972,feature_5973,feature_5974,feature_5975,feature_5976,feature_5977,feature_5978,feature_5979,feature_5980,feature_5981,feature_5982,feature_5983,feature_5984,feature_5985,feature_5986,feature_5987,feature_5988,feature_5989,feature_5990,feature_5991,feature_5992,feature_5993,feature_5994,feature_5995,feature_5996,feature_5997,feature_5998,feature_5999,feature_6000,feature_6001,feature_6002,feature_6003,feature_6004,feature_6005,feature_6006,feature_6007,feature_6008,feature_6009,feature_6010,feature_6011,feature_6012,feature_6013,feature_6014,feature_6015,feature_6016,feature_6017,feature_6018,feature_6019,feature_6020,feature_6021,feature_6022,feature_6023,feature_6024,feature_6025,feature_6026,feature_6027,feature_6028,feature_6029,feature_6030,feature_6031,feature_6032,feature_6033,feature_6034,feature_6035,feature_6036,feature_6037,feature_6038,feature_6039,feature_6040,feature_6041,feature_6042,feature_6043,feature_6044,feature_6045,feature_6046,feature_6047,feature_6048,feature_6049,feature_6050,feature_6051,feature_6052,feature_6053,feature_6054,feature_6055,feature_6056,feature_6057,feature_6058,feature_6059,feature_6060,feature_6061,feature_6062,feature_6063,feature_6064,feature_6065,feature_6066,feature_6067,feature_6068,feature_6069,feature_6070,feature_6071,feature_6072,feature_6073,feature_6074,feature_6075,feature_6076,feature_6077,feature_6078,feature_6079,feature_6080,feature_6081,feature_6082,feature_6083,feature_6084,feature_6085,feature_6086,feature_6087,feature_6088,feature_6089,feature_6090,feature_6091,feature_6092,feature_6093,feature_6094,feature_6095,feature_6096,feature_6097,feature_6098,feature_6099,feature_6100,feature_6101,feature_6102,feature_6103,feature_6104,feature_6105,feature_6106,feature_6107,feature_6108,feature_6109,feature_6110,feature_6111,feature_6112,feature_6113,feature_6114,feature_6115,feature_6116,feature_6117,feature_6118,feature_6119,feature_6120,feature_6121,feature_6122,feature_6123,feature_6124,feature_6125,feature_6126,feature_6127,feature_6128,feature_6129,feature_6130,feature_6131,feature_6132,feature_6133,feature_6134,feature_6135,feature_6136,feature_6137,feature_6138,feature_6139,feature_6140,feature_6141,feature_6142,feature_6143,feature_6144,feature_6145,feature_6146,feature_6147,feature_6148,feature_6149,feature_6150,feature_6151,feature_6152,feature_6153,feature_6154,feature_6155,feature_6156,feature_6157,feature_6158,feature_6159,feature_6160,feature_6161,feature_6162,feature_6163,feature_6164,feature_6165,feature_6166,feature_6167,feature_6168,feature_6169,feature_6170,feature_6171,feature_6172,feature_6173,feature_6174,feature_6175,feature_6176,feature_6177,feature_6178,feature_6179,feature_6180,feature_6181,feature_6182,feature_6183,feature_6184,feature_6185,feature_6186,feature_6187,feature_6188,feature_6189,feature_6190,feature_6191,feature_6192,feature_6193,feature_6194,feature_6195,feature_6196,feature_6197,feature_6198,feature_6199,feature_6200,feature_6201,feature_6202,feature_6203,feature_6204,feature_6205,feature_6206,feature_6207,feature_6208,feature_6209,feature_6210,feature_6211,feature_6212,feature_6213,feature_6214,feature_6215,feature_6216,feature_6217,feature_6218,feature_6219,feature_6220,feature_6221,feature_6222,feature_6223,feature_6224,feature_6225,feature_6226,feature_6227,feature_6228,feature_6229,feature_6230,feature_6231,feature_6232,feature_6233,feature_6234,feature_6235,feature_6236,feature_6237,feature_6238,feature_6239,feature_6240,feature_6241,feature_6242,feature_6243,feature_6244,feature_6245,feature_6246,feature_6247,feature_6248,feature_6249,feature_6250,feature_6251,feature_6252,feature_6253,feature_6254,feature_6255,feature_6256,feature_6257,feature_6258,feature_6259,feature_6260,feature_6261,feature_6262,feature_6263,feature_6264,feature_6265,feature_6266,feature_6267,feature_6268,feature_6269,feature_6270,feature_6271,feature_6272,feature_6273,feature_6274,feature_6275,feature_6276,feature_6277,feature_6278,feature_6279,feature_6280,feature_6281,feature_6282,feature_6283,feature_6284,feature_6285,feature_6286,feature_6287,feature_6288,feature_6289,feature_6290,feature_6291,feature_6292,feature_6293,feature_6294,feature_6295,feature_6296,feature_6297,feature_6298,feature_6299,feature_6300,feature_6301,feature_6302,feature_6303,feature_6304,feature_6305,feature_6306,feature_6307,feature_6308,feature_6309,feature_6310,feature_6311,feature_6312,feature_6313,feature_6314,feature_6315,feature_6316,feature_6317,feature_6318,feature_6319,feature_6320,feature_6321,feature_6322,feature_6323,feature_6324,feature_6325,feature_6326,feature_6327,feature_6328,feature_6329,feature_6330,feature_6331,feature_6332,feature_6333,feature_6334,feature_6335,feature_6336,feature_6337,feature_6338,feature_6339,feature_6340,feature_6341,feature_6342,feature_6343,feature_6344,feature_6345,feature_6346,feature_6347,feature_6348,feature_6349,feature_6350,feature_6351,feature_6352,feature_6353,feature_6354,feature_6355,feature_6356,feature_6357,feature_6358,feature_6359,feature_6360,feature_6361,feature_6362,feature_6363,feature_6364,feature_6365,feature_6366,feature_6367,feature_6368,feature_6369,feature_6370,feature_6371,feature_6372,feature_6373,feature_6374,feature_6375,feature_6376,feature_6377,feature_6378,feature_6379,feature_6380,feature_6381,feature_6382,feature_6383,feature_6384,feature_6385,feature_6386,feature_6387,feature_6388,feature_6389,feature_6390,feature_6391,feature_6392,feature_6393,feature_6394,feature_6395,feature_6396,feature_6397,feature_6398,feature_6399,feature_6400,feature_6401,feature_6402,feature_6403,feature_6404,feature_6405,feature_6406,feature_6407,feature_6408,feature_6409,feature_6410,feature_6411,feature_6412,feature_6413,feature_6414,feature_6415,feature_6416,feature_6417,feature_6418,feature_6419,feature_6420,feature_6421,feature_6422,feature_6423,feature_6424,feature_6425,feature_6426,feature_6427,feature_6428,feature_6429,feature_6430,feature_6431,feature_6432,feature_6433,feature_6434,feature_6435,feature_6436,feature_6437,feature_6438,feature_6439,feature_6440,feature_6441,feature_6442,feature_6443,feature_6444,feature_6445,feature_6446,feature_6447,feature_6448,feature_6449,feature_6450,feature_6451,feature_6452,feature_6453,feature_6454,feature_6455,feature_6456,feature_6457,feature_6458,feature_6459,feature_6460,feature_6461,feature_6462,feature_6463,feature_6464,feature_6465,feature_6466,feature_6467,feature_6468,feature_6469,feature_6470,feature_6471,feature_6472,feature_6473,feature_6474,feature_6475,feature_6476,feature_6477,feature_6478,feature_6479,feature_6480,feature_6481,feature_6482,feature_6483,feature_6484,feature_6485,feature_6486,feature_6487,feature_6488,feature_6489,feature_6490,feature_6491,feature_6492,feature_6493,feature_6494,feature_6495,feature_6496,feature_6497,feature_6498,feature_6499,feature_6500,feature_6501,feature_6502,feature_6503,feature_6504,feature_6505,feature_6506,feature_6507,feature_6508,feature_6509,feature_6510,feature_6511,feature_6512,feature_6513,feature_6514,feature_6515,feature_6516,feature_6517,feature_6518,feature_6519,feature_6520,feature_6521,feature_6522,feature_6523,feature_6524,feature_6525,feature_6526,feature_6527,feature_6528,feature_6529,feature_6530,feature_6531,feature_6532,feature_6533,feature_6534,feature_6535,feature_6536,feature_6537,feature_6538,feature_6539,feature_6540,feature_6541,feature_6542,feature_6543,feature_6544,feature_6545,feature_6546,feature_6547,feature_6548,feature_6549,feature_6550,feature_6551,feature_6552,feature_6553,feature_6554,feature_6555,feature_6556,feature_6557,feature_6558,feature_6559,feature_6560,feature_6561,feature_6562,feature_6563,feature_6564,feature_6565,feature_6566,feature_6567,feature_6568,feature_6569,feature_6570,feature_6571,feature_6572,feature_6573,feature_6574,feature_6575,feature_6576,feature_6577,feature_6578,feature_6579,feature_6580,feature_6581,feature_6582,feature_6583,feature_6584,feature_6585,feature_6586,feature_6587,feature_6588,feature_6589,feature_6590,feature_6591,feature_6592,feature_6593,feature_6594,feature_6595,feature_6596,feature_6597,feature_6598,feature_6599,feature_6600,feature_6601,feature_6602,feature_6603,feature_6604,feature_6605,feature_6606,feature_6607,feature_6608,feature_6609,feature_6610,feature_6611,feature_6612,feature_6613,feature_6614,feature_6615,feature_6616,feature_6617,feature_6618,feature_6619,feature_6620,feature_6621,feature_6622,feature_6623,feature_6624,feature_6625,feature_6626,feature_6627,feature_6628,feature_6629,feature_6630,feature_6631,feature_6632,feature_6633,feature_6634,feature_6635,feature_6636,feature_6637,feature_6638,feature_6639,feature_6640,feature_6641,feature_6642,feature_6643,feature_6644,feature_6645,feature_6646,feature_6647,feature_6648,feature_6649,feature_6650,feature_6651,feature_6652,feature_6653,feature_6654,feature_6655,feature_6656,feature_6657,feature_6658,feature_6659,feature_6660,feature_6661,feature_6662,feature_6663,feature_6664,feature_6665,feature_6666,feature_6667,feature_6668,feature_6669,feature_6670,feature_6671,feature_6672,feature_6673,feature_6674,feature_6675,feature_6676,feature_6677,feature_6678,feature_6679,feature_6680,feature_6681,feature_6682,feature_6683,feature_6684,feature_6685,feature_6686,feature_6687,feature_6688,feature_6689,feature_6690,feature_6691,feature_6692,feature_6693,feature_6694,feature_6695,feature_6696,feature_6697,feature_6698,feature_6699,feature_6700,feature_6701,feature_6702,feature_6703,feature_6704,feature_6705,feature_6706,feature_6707,feature_6708,feature_6709,feature_6710,feature_6711,feature_6712,feature_6713,feature_6714,feature_6715,feature_6716,feature_6717,feature_6718,feature_6719,feature_6720,feature_6721,feature_6722,feature_6723,feature_6724,feature_6725,feature_6726,feature_6727,feature_6728,feature_6729,feature_6730,feature_6731,feature_6732,feature_6733,feature_6734,feature_6735,feature_6736,feature_6737,feature_6738,feature_6739,feature_6740,feature_6741,feature_6742,feature_6743,feature_6744,feature_6745,feature_6746,feature_6747,feature_6748,feature_6749,feature_6750,feature_6751,feature_6752,feature_6753,feature_6754,feature_6755,feature_6756,feature_6757,feature_6758,feature_6759,feature_6760,feature_6761,feature_6762,feature_6763,feature_6764,feature_6765,feature_6766,feature_6767,feature_6768,feature_6769,feature_6770,feature_6771,feature_6772,feature_6773,feature_6774,feature_6775,feature_6776,feature_6777,feature_6778,feature_6779,feature_6780,feature_6781,feature_6782,feature_6783,feature_6784,feature_6785,feature_6786,feature_6787,feature_6788,feature_6789,feature_6790,feature_6791,feature_6792,feature_6793,feature_6794,feature_6795,feature_6796,feature_6797,feature_6798,feature_6799,feature_6800,feature_6801,feature_6802,feature_6803,feature_6804,feature_6805,feature_6806,feature_6807,feature_6808,feature_6809,feature_6810,feature_6811,feature_6812,feature_6813,feature_6814,feature_6815,feature_6816,feature_6817,feature_6818,feature_6819,feature_6820,feature_6821,feature_6822,feature_6823,feature_6824,feature_6825,feature_6826,feature_6827,feature_6828,feature_6829,feature_6830,feature_6831,feature_6832,feature_6833,feature_6834,feature_6835,feature_6836,feature_6837,feature_6838,feature_6839,feature_6840,feature_6841,feature_6842,feature_6843,feature_6844,feature_6845,feature_6846,feature_6847,feature_6848,feature_6849,feature_6850,feature_6851,feature_6852,feature_6853,feature_6854,feature_6855,feature_6856,feature_6857,feature_6858,feature_6859,feature_6860,feature_6861,feature_6862,feature_6863,feature_6864,feature_6865,feature_6866,feature_6867,feature_6868,feature_6869,feature_6870,feature_6871,feature_6872,feature_6873,feature_6874,feature_6875,feature_6876,feature_6877,feature_6878,feature_6879,feature_6880,feature_6881,feature_6882,feature_6883,feature_6884,feature_6885,feature_6886,feature_6887,feature_6888,feature_6889,feature_6890,feature_6891,feature_6892,feature_6893,feature_6894,feature_6895,feature_6896,feature_6897,feature_6898,feature_6899,feature_6900,feature_6901,feature_6902,feature_6903,feature_6904,feature_6905,feature_6906,feature_6907,feature_6908,feature_6909,feature_6910,feature_6911,feature_6912,feature_6913,feature_6914,feature_6915,feature_6916,feature_6917,feature_6918,feature_6919,feature_6920,feature_6921,feature_6922,feature_6923,feature_6924,feature_6925,feature_6926,feature_6927,feature_6928,feature_6929,feature_6930,feature_6931,feature_6932,feature_6933,feature_6934,feature_6935,feature_6936,feature_6937,feature_6938,feature_6939,feature_6940,feature_6941,feature_6942,feature_6943,feature_6944,feature_6945,feature_6946,feature_6947,feature_6948,feature_6949,feature_6950,feature_6951,feature_6952,feature_6953,feature_6954,feature_6955,feature_6956,feature_6957,feature_6958,feature_6959,feature_6960,feature_6961,feature_6962,feature_6963,feature_6964,feature_6965,feature_6966,feature_6967,feature_6968,feature_6969,feature_6970,feature_6971,feature_6972,feature_6973,feature_6974,feature_6975,feature_6976,feature_6977,feature_6978,feature_6979,feature_6980,feature_6981,feature_6982,feature_6983,feature_6984,feature_6985,feature_6986,feature_6987,feature_6988,feature_6989,feature_6990,feature_6991,feature_6992,feature_6993,feature_6994,feature_6995,feature_6996,feature_6997,feature_6998,feature_6999,feature_7000,feature_7001,feature_7002,feature_7003,feature_7004,feature_7005,feature_7006,feature_7007,feature_7008,feature_7009,feature_7010,feature_7011,feature_7012,feature_7013,feature_7014,feature_7015,feature_7016,feature_7017,feature_7018,feature_7019,feature_7020,feature_7021,feature_7022,feature_7023,feature_7024,feature_7025,feature_7026,feature_7027,feature_7028,feature_7029,feature_7030,feature_7031,feature_7032,feature_7033,feature_7034,feature_7035,feature_7036,feature_7037,feature_7038,feature_7039,feature_7040,feature_7041,feature_7042,feature_7043,feature_7044,feature_7045,feature_7046,feature_7047,feature_7048,feature_7049,feature_7050,feature_7051,feature_7052,feature_7053,feature_7054,feature_7055,feature_7056,feature_7057,feature_7058,feature_7059,feature_7060,feature_7061,feature_7062,feature_7063,feature_7064,feature_7065,feature_7066,feature_7067,feature_7068,feature_7069,feature_7070,feature_7071,feature_7072,feature_7073,feature_7074,feature_7075,feature_7076,feature_7077,feature_7078,feature_7079,feature_7080,feature_7081,feature_7082,feature_7083,feature_7084,feature_7085,feature_7086,feature_7087,feature_7088,feature_7089,feature_7090,feature_7091,feature_7092,feature_7093,feature_7094,feature_7095,feature_7096,feature_7097,feature_7098,feature_7099,feature_7100,feature_7101,feature_7102,feature_7103,feature_7104,feature_7105,feature_7106,feature_7107,feature_7108,feature_7109,feature_7110,feature_7111,feature_7112,feature_7113,feature_7114,feature_7115,feature_7116,feature_7117,feature_7118,feature_7119,feature_7120,feature_7121,feature_7122,feature_7123,feature_7124,feature_7125,feature_7126,feature_7127,feature_7128,feature_7129,feature_7130,feature_7131,feature_7132,feature_7133,feature_7134,feature_7135,feature_7136,feature_7137,feature_7138,feature_7139,feature_7140,feature_7141,feature_7142,feature_7143,feature_7144,feature_7145,feature_7146,feature_7147,feature_7148,feature_7149,feature_7150,feature_7151,feature_7152,feature_7153,feature_7154,feature_7155,feature_7156,feature_7157,feature_7158,feature_7159,feature_7160,feature_7161,feature_7162,feature_7163,feature_7164,feature_7165,feature_7166,feature_7167,feature_7168,feature_7169,feature_7170,feature_7171,feature_7172,feature_7173,feature_7174,feature_7175,feature_7176,feature_7177,feature_7178,feature_7179,feature_7180,feature_7181,feature_7182,feature_7183,feature_7184,feature_7185,feature_7186,feature_7187,feature_7188,feature_7189,feature_7190,feature_7191,feature_7192,feature_7193,feature_7194,feature_7195,feature_7196,feature_7197,feature_7198,feature_7199,feature_7200,feature_7201,feature_7202,feature_7203,feature_7204,feature_7205,feature_7206,feature_7207,feature_7208,feature_7209,feature_7210,feature_7211,feature_7212,feature_7213,feature_7214,feature_7215,feature_7216,feature_7217,feature_7218,feature_7219,feature_7220,feature_7221,feature_7222,feature_7223,feature_7224,feature_7225,feature_7226,feature_7227,feature_7228,feature_7229,feature_7230,feature_7231,feature_7232,feature_7233,feature_7234,feature_7235,feature_7236,feature_7237,feature_7238,feature_7239,feature_7240,feature_7241,feature_7242,feature_7243,feature_7244,feature_7245,feature_7246,feature_7247,feature_7248,feature_7249,feature_7250,feature_7251,feature_7252,feature_7253,feature_7254,feature_7255,feature_7256,feature_7257,feature_7258,feature_7259,feature_7260,feature_7261,feature_7262,feature_7263,feature_7264,feature_7265,feature_7266,feature_7267,feature_7268,feature_7269,feature_7270,feature_7271,feature_7272,feature_7273,feature_7274,feature_7275,feature_7276,feature_7277,feature_7278,feature_7279,feature_7280,feature_7281,feature_7282,feature_7283,feature_7284,feature_7285,feature_7286,feature_7287,feature_7288,feature_7289,feature_7290,feature_7291,feature_7292,feature_7293,feature_7294,feature_7295,feature_7296,feature_7297,feature_7298,feature_7299,feature_7300,feature_7301,feature_7302,feature_7303,feature_7304,feature_7305,feature_7306,feature_7307,feature_7308,feature_7309,feature_7310,feature_7311,feature_7312,feature_7313,feature_7314,feature_7315,feature_7316,feature_7317,feature_7318,feature_7319,feature_7320,feature_7321,feature_7322,feature_7323,feature_7324,feature_7325,feature_7326,feature_7327,feature_7328,feature_7329,feature_7330,feature_7331,feature_7332,feature_7333,feature_7334,feature_7335,feature_7336,feature_7337,feature_7338,feature_7339,feature_7340,feature_7341,feature_7342,feature_7343,feature_7344,feature_7345,feature_7346,feature_7347,feature_7348,feature_7349,feature_7350,feature_7351,feature_7352,feature_7353,feature_7354,feature_7355,feature_7356,feature_7357,feature_7358,feature_7359,feature_7360,feature_7361,feature_7362,feature_7363,feature_7364,feature_7365,feature_7366,feature_7367,feature_7368,feature_7369,feature_7370,feature_7371,feature_7372,feature_7373,feature_7374,feature_7375,feature_7376,feature_7377,feature_7378,feature_7379,feature_7380,feature_7381,feature_7382,feature_7383,feature_7384,feature_7385,feature_7386,feature_7387,feature_7388,feature_7389,feature_7390,feature_7391,feature_7392,feature_7393,feature_7394,feature_7395,feature_7396,feature_7397,feature_7398,feature_7399,feature_7400,feature_7401,feature_7402,feature_7403,feature_7404,feature_7405,feature_7406,feature_7407,feature_7408,feature_7409,feature_7410,feature_7411,feature_7412,feature_7413,feature_7414,feature_7415,feature_7416,feature_7417,feature_7418,feature_7419,feature_7420,feature_7421,feature_7422,feature_7423,feature_7424,feature_7425,feature_7426,feature_7427,feature_7428,feature_7429,feature_7430,feature_7431,feature_7432,feature_7433,feature_7434,feature_7435,feature_7436,feature_7437,feature_7438,feature_7439,feature_7440,feature_7441,feature_7442,feature_7443,feature_7444,feature_7445,feature_7446,feature_7447,feature_7448,feature_7449,feature_7450,feature_7451,feature_7452,feature_7453,feature_7454,feature_7455,feature_7456,feature_7457,feature_7458,feature_7459,feature_7460,feature_7461,feature_7462,feature_7463,feature_7464,feature_7465,feature_7466,feature_7467,feature_7468,feature_7469,feature_7470,feature_7471,feature_7472,feature_7473,feature_7474,feature_7475,feature_7476,feature_7477,feature_7478,feature_7479,feature_7480,feature_7481,feature_7482,feature_7483,feature_7484,feature_7485,feature_7486,feature_7487,feature_7488,feature_7489,feature_7490,feature_7491,feature_7492,feature_7493,feature_7494,feature_7495,feature_7496,feature_7497,feature_7498,feature_7499,feature_7500,feature_7501,feature_7502,feature_7503,feature_7504,feature_7505,feature_7506,feature_7507,feature_7508,feature_7509,feature_7510,feature_7511,feature_7512,feature_7513,feature_7514,feature_7515,feature_7516,feature_7517,feature_7518,feature_7519,feature_7520,feature_7521,feature_7522,feature_7523,feature_7524,feature_7525,feature_7526,feature_7527,feature_7528,feature_7529,feature_7530,feature_7531,feature_7532,feature_7533,feature_7534,feature_7535,feature_7536,feature_7537,feature_7538,feature_7539,feature_7540,feature_7541,feature_7542,feature_7543,feature_7544,feature_7545,feature_7546,feature_7547,feature_7548,feature_7549,feature_7550,feature_7551,feature_7552,feature_7553,feature_7554,feature_7555,feature_7556,feature_7557,feature_7558,feature_7559,feature_7560,feature_7561,feature_7562,feature_7563,feature_7564,feature_7565,feature_7566,feature_7567,feature_7568,feature_7569,feature_7570,feature_7571,feature_7572,feature_7573,feature_7574,feature_7575,feature_7576,feature_7577,feature_7578,feature_7579,feature_7580,feature_7581,feature_7582,feature_7583,feature_7584,feature_7585,feature_7586,feature_7587,feature_7588,feature_7589,feature_7590,feature_7591,feature_7592,feature_7593,feature_7594,feature_7595,feature_7596,feature_7597,feature_7598,feature_7599,feature_7600,feature_7601,feature_7602,feature_7603,feature_7604,feature_7605,feature_7606,feature_7607,feature_7608,feature_7609,feature_7610,feature_7611,feature_7612,feature_7613,feature_7614,feature_7615,feature_7616,feature_7617,feature_7618,feature_7619,feature_7620,feature_7621,feature_7622,feature_7623,feature_7624,feature_7625,feature_7626,feature_7627,feature_7628,feature_7629,feature_7630,feature_7631,feature_7632,feature_7633,feature_7634,feature_7635,feature_7636,feature_7637,feature_7638,feature_7639,feature_7640,feature_7641,feature_7642,feature_7643,feature_7644,feature_7645,feature_7646,feature_7647,feature_7648,feature_7649,feature_7650,feature_7651,feature_7652,feature_7653,feature_7654,feature_7655,feature_7656,feature_7657,feature_7658,feature_7659,feature_7660,feature_7661,feature_7662,feature_7663,feature_7664,feature_7665,feature_7666,feature_7667,feature_7668,feature_7669,feature_7670,feature_7671,feature_7672,feature_7673,feature_7674,feature_7675,feature_7676,feature_7677,feature_7678,feature_7679,feature_7680,feature_7681,feature_7682,feature_7683,feature_7684,feature_7685,feature_7686,feature_7687,feature_7688,feature_7689,feature_7690,feature_7691,feature_7692,feature_7693,feature_7694,feature_7695,feature_7696,feature_7697,feature_7698,feature_7699,feature_7700,feature_7701,feature_7702,feature_7703,feature_7704,feature_7705,feature_7706,feature_7707,feature_7708,feature_7709,feature_7710,feature_7711,feature_7712,feature_7713,feature_7714,feature_7715,feature_7716,feature_7717,feature_7718,feature_7719,feature_7720,feature_7721,feature_7722,feature_7723,feature_7724,feature_7725,feature_7726,feature_7727,feature_7728,feature_7729,feature_7730,feature_7731,feature_7732,feature_7733,feature_7734,feature_7735,feature_7736,feature_7737,feature_7738,feature_7739,feature_7740,feature_7741,feature_7742,feature_7743,feature_7744,feature_7745,feature_7746,feature_7747,feature_7748,feature_7749,feature_7750,feature_7751,feature_7752,feature_7753,feature_7754,feature_7755,feature_7756,feature_7757,feature_7758,feature_7759,feature_7760,feature_7761,feature_7762,feature_7763,feature_7764,feature_7765,feature_7766,feature_7767,feature_7768,feature_7769,feature_7770,feature_7771,feature_7772,feature_7773,feature_7774,feature_7775,feature_7776,feature_7777,feature_7778,feature_7779,feature_7780,feature_7781,feature_7782,feature_7783,feature_7784,feature_7785,feature_7786,feature_7787,feature_7788,feature_7789,feature_7790,feature_7791,feature_7792,feature_7793,feature_7794,feature_7795,feature_7796,feature_7797,feature_7798,feature_7799,feature_7800,feature_7801,feature_7802,feature_7803,feature_7804,feature_7805,feature_7806,feature_7807,feature_7808,feature_7809,feature_7810,feature_7811,feature_7812,feature_7813,feature_7814,feature_7815,feature_7816,feature_7817,feature_7818,feature_7819,feature_7820,feature_7821,feature_7822,feature_7823,feature_7824,feature_7825,feature_7826,feature_7827,feature_7828,feature_7829,feature_7830,feature_7831,feature_7832,feature_7833,feature_7834,feature_7835,feature_7836,feature_7837,feature_7838,feature_7839,feature_7840,feature_7841,feature_7842,feature_7843,feature_7844,feature_7845,feature_7846,feature_7847,feature_7848,feature_7849,feature_7850,feature_7851,feature_7852,feature_7853,feature_7854,feature_7855,feature_7856,feature_7857,feature_7858,feature_7859,feature_7860,feature_7861,feature_7862,feature_7863,feature_7864,feature_7865,feature_7866,feature_7867,feature_7868,feature_7869,feature_7870,feature_7871,feature_7872,feature_7873,feature_7874,feature_7875,feature_7876,feature_7877,feature_7878,feature_7879,feature_7880,feature_7881,feature_7882,feature_7883,feature_7884,feature_7885,feature_7886,feature_7887,feature_7888,feature_7889,feature_7890,feature_7891,feature_7892,feature_7893,feature_7894,feature_7895,feature_7896,feature_7897,feature_7898,feature_7899,feature_7900,feature_7901,feature_7902,feature_7903,feature_7904,feature_7905,feature_7906,feature_7907,feature_7908,feature_7909,feature_7910,feature_7911,feature_7912,feature_7913,feature_7914,feature_7915,feature_7916,feature_7917,feature_7918,feature_7919,feature_7920,feature_7921,feature_7922,feature_7923,feature_7924,feature_7925,feature_7926,feature_7927,feature_7928,feature_7929,feature_7930,feature_7931,feature_7932,feature_7933,feature_7934,feature_7935,feature_7936,feature_7937,feature_7938,feature_7939,feature_7940,feature_7941,feature_7942,feature_7943,feature_7944,feature_7945,feature_7946,feature_7947,feature_7948,feature_7949,feature_7950,feature_7951,feature_7952,feature_7953,feature_7954,feature_7955,feature_7956,feature_7957,feature_7958,feature_7959,feature_7960,feature_7961,feature_7962,feature_7963,feature_7964,feature_7965,feature_7966,feature_7967,feature_7968,feature_7969,feature_7970,feature_7971,feature_7972,feature_7973,feature_7974,feature_7975,feature_7976,feature_7977,feature_7978,feature_7979,feature_7980,feature_7981,feature_7982,feature_7983,feature_7984,feature_7985,feature_7986,feature_7987,feature_7988,feature_7989,feature_7990,feature_7991,feature_7992,feature_7993,feature_7994,feature_7995,feature_7996,feature_7997,feature_7998,feature_7999,feature_8000,feature_8001,feature_8002,feature_8003,feature_8004,feature_8005,feature_8006,feature_8007,feature_8008,feature_8009,feature_8010,feature_8011,feature_8012,feature_8013,feature_8014,feature_8015,feature_8016,feature_8017,feature_8018,feature_8019,feature_8020,feature_8021,feature_8022,feature_8023,feature_8024,feature_8025,feature_8026,feature_8027,feature_8028,feature_8029,feature_8030,feature_8031,feature_8032,feature_8033,feature_8034,feature_8035,feature_8036,feature_8037,feature_8038,feature_8039,feature_8040,feature_8041,feature_8042,feature_8043,feature_8044,feature_8045,feature_8046,feature_8047,feature_8048,feature_8049,feature_8050,feature_8051,feature_8052,feature_8053,feature_8054,feature_8055,feature_8056,feature_8057,feature_8058,feature_8059,feature_8060,feature_8061,feature_8062,feature_8063,feature_8064,feature_8065,feature_8066,feature_8067,feature_8068,feature_8069,feature_8070,feature_8071,feature_8072,feature_8073,feature_8074,feature_8075,feature_8076,feature_8077,feature_8078,feature_8079,feature_8080,feature_8081,feature_8082,feature_8083,feature_8084,feature_8085,feature_8086,feature_8087,feature_8088,feature_8089,feature_8090,feature_8091,feature_8092,feature_8093,feature_8094,feature_8095,feature_8096,feature_8097,feature_8098,feature_8099,feature_8100,feature_8101,feature_8102,feature_8103,feature_8104,feature_8105,feature_8106,feature_8107,feature_8108,feature_8109,feature_8110,feature_8111,feature_8112,feature_8113,feature_8114,feature_8115,feature_8116,feature_8117,feature_8118,feature_8119,feature_8120,feature_8121,feature_8122,feature_8123,feature_8124,feature_8125,feature_8126,feature_8127,feature_8128,feature_8129,feature_8130,feature_8131,feature_8132,feature_8133,feature_8134,feature_8135,feature_8136,feature_8137,feature_8138,feature_8139,feature_8140,feature_8141,feature_8142,feature_8143,feature_8144,feature_8145,feature_8146,feature_8147,feature_8148,feature_8149,feature_8150,feature_8151,feature_8152,feature_8153,feature_8154,feature_8155,feature_8156,feature_8157,feature_8158,feature_8159,feature_8160,feature_8161,feature_8162,feature_8163,feature_8164,feature_8165,feature_8166,feature_8167,feature_8168,feature_8169,feature_8170,feature_8171,feature_8172,feature_8173,feature_8174,feature_8175,feature_8176,feature_8177,feature_8178,feature_8179,feature_8180,feature_8181,feature_8182,feature_8183,feature_8184,feature_8185,feature_8186,feature_8187,feature_8188,feature_8189,feature_8190,feature_8191,feature_8192,feature_8193,feature_8194,feature_8195,feature_8196,feature_8197,feature_8198,feature_8199,feature_8200,feature_8201,feature_8202,feature_8203,feature_8204,feature_8205,feature_8206,feature_8207,feature_8208,feature_8209,feature_8210,feature_8211,feature_8212,feature_8213,feature_8214,feature_8215,feature_8216,feature_8217,feature_8218,feature_8219,feature_8220,feature_8221,feature_8222,feature_8223,feature_8224,feature_8225,feature_8226,feature_8227,feature_8228,feature_8229,feature_8230,feature_8231,feature_8232,feature_8233,feature_8234,feature_8235,feature_8236,feature_8237,feature_8238,feature_8239,feature_8240,feature_8241,feature_8242,feature_8243,feature_8244,feature_8245,feature_8246,feature_8247,feature_8248,feature_8249,feature_8250,feature_8251,feature_8252,feature_8253,feature_8254,feature_8255,feature_8256,feature_8257,feature_8258,feature_8259,feature_8260,feature_8261,feature_8262,feature_8263,feature_8264,feature_8265,feature_8266,feature_8267,feature_8268,feature_8269,feature_8270,feature_8271,feature_8272,feature_8273,feature_8274,feature_8275,feature_8276,feature_8277,feature_8278,feature_8279,feature_8280,feature_8281,feature_8282,feature_8283,feature_8284,feature_8285,feature_8286,feature_8287,feature_8288,feature_8289,feature_8290,feature_8291,feature_8292,feature_8293,feature_8294,feature_8295,feature_8296,feature_8297,feature_8298,feature_8299,feature_8300,feature_8301,feature_8302,feature_8303,feature_8304,feature_8305,feature_8306,feature_8307,feature_8308,feature_8309,feature_8310,feature_8311,feature_8312,feature_8313,feature_8314,feature_8315,feature_8316,feature_8317,feature_8318,feature_8319,feature_8320,feature_8321,feature_8322,feature_8323,feature_8324,feature_8325,feature_8326,feature_8327,feature_8328,feature_8329,feature_8330,feature_8331,feature_8332,feature_8333,feature_8334,feature_8335,feature_8336,feature_8337,feature_8338,feature_8339,feature_8340,feature_8341,feature_8342,feature_8343,feature_8344,feature_8345,feature_8346,feature_8347,feature_8348,feature_8349,feature_8350,feature_8351,feature_8352,feature_8353,feature_8354,feature_8355,feature_8356,feature_8357,feature_8358,feature_8359,feature_8360,feature_8361,feature_8362,feature_8363,feature_8364,feature_8365,feature_8366,feature_8367,feature_8368,feature_8369,feature_8370,feature_8371,feature_8372,feature_8373,feature_8374,feature_8375,feature_8376,feature_8377,feature_8378,feature_8379,feature_8380,feature_8381,feature_8382,feature_8383,feature_8384,feature_8385,feature_8386,feature_8387,feature_8388,feature_8389,feature_8390,feature_8391,feature_8392,feature_8393,feature_8394,feature_8395,feature_8396,feature_8397,feature_8398,feature_8399,feature_8400,feature_8401,feature_8402,feature_8403,feature_8404,feature_8405,feature_8406,feature_8407,feature_8408,feature_8409,feature_8410,feature_8411,feature_8412,feature_8413,feature_8414,feature_8415,feature_8416,feature_8417,feature_8418,feature_8419,feature_8420,feature_8421,feature_8422,feature_8423,feature_8424,feature_8425,feature_8426,feature_8427,feature_8428,feature_8429,feature_8430,feature_8431,feature_8432,feature_8433,feature_8434,feature_8435,feature_8436,feature_8437,feature_8438,feature_8439,feature_8440,feature_8441,feature_8442,feature_8443,feature_8444,feature_8445,feature_8446,feature_8447,feature_8448,feature_8449,feature_8450,feature_8451,feature_8452,feature_8453,feature_8454,feature_8455,feature_8456,feature_8457,feature_8458,feature_8459,feature_8460,feature_8461,feature_8462,feature_8463,feature_8464,feature_8465,feature_8466,feature_8467,feature_8468,feature_8469,feature_8470,feature_8471,feature_8472,feature_8473,feature_8474,feature_8475,feature_8476,feature_8477,feature_8478,feature_8479,feature_8480,feature_8481,feature_8482,feature_8483,feature_8484,feature_8485,feature_8486,feature_8487,feature_8488,feature_8489,feature_8490,feature_8491,feature_8492,feature_8493,feature_8494,feature_8495,feature_8496,feature_8497,feature_8498,feature_8499,feature_8500,feature_8501,feature_8502,feature_8503,feature_8504,feature_8505,feature_8506,feature_8507,feature_8508,feature_8509,feature_8510,feature_8511,feature_8512,feature_8513,feature_8514,feature_8515,feature_8516,feature_8517,feature_8518,feature_8519,feature_8520,feature_8521,feature_8522,feature_8523,feature_8524,feature_8525,feature_8526,feature_8527,feature_8528,feature_8529,feature_8530,feature_8531,feature_8532,feature_8533,feature_8534,feature_8535,feature_8536,feature_8537,feature_8538,feature_8539,feature_8540,feature_8541,feature_8542,feature_8543,feature_8544,feature_8545,feature_8546,feature_8547,feature_8548,feature_8549,feature_8550,feature_8551,feature_8552,feature_8553,feature_8554,feature_8555,feature_8556,feature_8557,feature_8558,feature_8559,feature_8560,feature_8561,feature_8562,feature_8563,feature_8564,feature_8565,feature_8566,feature_8567,feature_8568,feature_8569,feature_8570,feature_8571,feature_8572,feature_8573,feature_8574,feature_8575,feature_8576,feature_8577,feature_8578,feature_8579,feature_8580,feature_8581,feature_8582,feature_8583,feature_8584,feature_8585,feature_8586,feature_8587,feature_8588,feature_8589,feature_8590,feature_8591,feature_8592,feature_8593,feature_8594,feature_8595,feature_8596,feature_8597,feature_8598,feature_8599,feature_8600,feature_8601,feature_8602,feature_8603,feature_8604,feature_8605,feature_8606,feature_8607,feature_8608,feature_8609,feature_8610,feature_8611,feature_8612,feature_8613,feature_8614,feature_8615,feature_8616,feature_8617,feature_8618,feature_8619,feature_8620,feature_8621,feature_8622,feature_8623,feature_8624,feature_8625,feature_8626,feature_8627,feature_8628,feature_8629,feature_8630,feature_8631,feature_8632,feature_8633,feature_8634,feature_8635,feature_8636,feature_8637,feature_8638,feature_8639,feature_8640,feature_8641,feature_8642,feature_8643,feature_8644,feature_8645,feature_8646,feature_8647,feature_8648,feature_8649,feature_8650,feature_8651,feature_8652,feature_8653,feature_8654,feature_8655,feature_8656,feature_8657,feature_8658,feature_8659,feature_8660,feature_8661,feature_8662,feature_8663,feature_8664,feature_8665,feature_8666,feature_8667,feature_8668,feature_8669,feature_8670,feature_8671,feature_8672,feature_8673,feature_8674,feature_8675,feature_8676,feature_8677,feature_8678,feature_8679,feature_8680,feature_8681,feature_8682,feature_8683,feature_8684,feature_8685,feature_8686,feature_8687,feature_8688,feature_8689,feature_8690,feature_8691,feature_8692,feature_8693,feature_8694,feature_8695,feature_8696,feature_8697,feature_8698,feature_8699,feature_8700,feature_8701,feature_8702,feature_8703,feature_8704,feature_8705,feature_8706,feature_8707,feature_8708,feature_8709,feature_8710,feature_8711,feature_8712,feature_8713,feature_8714,feature_8715,feature_8716,feature_8717,feature_8718,feature_8719,feature_8720,feature_8721,feature_8722,feature_8723,feature_8724,feature_8725,feature_8726,feature_8727,feature_8728,feature_8729,feature_8730,feature_8731,feature_8732,feature_8733,feature_8734,feature_8735,feature_8736,feature_8737,feature_8738,feature_8739,feature_8740,feature_8741,feature_8742,feature_8743,feature_8744,feature_8745,feature_8746,feature_8747,feature_8748,feature_8749,feature_8750,feature_8751,feature_8752,feature_8753,feature_8754,feature_8755,feature_8756,feature_8757,feature_8758,feature_8759,feature_8760,feature_8761,feature_8762,feature_8763,feature_8764,feature_8765,feature_8766,feature_8767,feature_8768,feature_8769,feature_8770,feature_8771,feature_8772,feature_8773,feature_8774,feature_8775,feature_8776,feature_8777,feature_8778,feature_8779,feature_8780,feature_8781,feature_8782,feature_8783,feature_8784,feature_8785,feature_8786,feature_8787,feature_8788,feature_8789,feature_8790,feature_8791,feature_8792,feature_8793,feature_8794,feature_8795,feature_8796,feature_8797,feature_8798,feature_8799,feature_8800,feature_8801,feature_8802,feature_8803,feature_8804,feature_8805,feature_8806,feature_8807,feature_8808,feature_8809,feature_8810,feature_8811,feature_8812,feature_8813,feature_8814,feature_8815,feature_8816,feature_8817,feature_8818,feature_8819,feature_8820,feature_8821,feature_8822,feature_8823,feature_8824,feature_8825,feature_8826,feature_8827,feature_8828,feature_8829,feature_8830,feature_8831,feature_8832,feature_8833,feature_8834,feature_8835,feature_8836,feature_8837,feature_8838,feature_8839,feature_8840,feature_8841,feature_8842,feature_8843,feature_8844,feature_8845,feature_8846,feature_8847,feature_8848,feature_8849,feature_8850,feature_8851,feature_8852,feature_8853,feature_8854,feature_8855,feature_8856,feature_8857,feature_8858,feature_8859,feature_8860,feature_8861,feature_8862,feature_8863,feature_8864,feature_8865,feature_8866,feature_8867,feature_8868,feature_8869,feature_8870,feature_8871,feature_8872,feature_8873,feature_8874,feature_8875,feature_8876,feature_8877,feature_8878,feature_8879,feature_8880,feature_8881,feature_8882,feature_8883,feature_8884,feature_8885,feature_8886,feature_8887,feature_8888,feature_8889,feature_8890,feature_8891,feature_8892,feature_8893,feature_8894,feature_8895,feature_8896,feature_8897,feature_8898,feature_8899,feature_8900,feature_8901,feature_8902,feature_8903,feature_8904,feature_8905,feature_8906,feature_8907,feature_8908,feature_8909,feature_8910,feature_8911,feature_8912,feature_8913,feature_8914,feature_8915,feature_8916,feature_8917,feature_8918,feature_8919,feature_8920,feature_8921,feature_8922,feature_8923,feature_8924,feature_8925,feature_8926,feature_8927,feature_8928,feature_8929,feature_8930,feature_8931,feature_8932,feature_8933,feature_8934,feature_8935,feature_8936,feature_8937,feature_8938,feature_8939,feature_8940,feature_8941,feature_8942,feature_8943,feature_8944,feature_8945,feature_8946,feature_8947,feature_8948,feature_8949,feature_8950,feature_8951,feature_8952,feature_8953,feature_8954,feature_8955,feature_8956,feature_8957,feature_8958,feature_8959,feature_8960,feature_8961,feature_8962,feature_8963,feature_8964,feature_8965,feature_8966,feature_8967,feature_8968,feature_8969,feature_8970,feature_8971,feature_8972,feature_8973,feature_8974,feature_8975,feature_8976,feature_8977,feature_8978,feature_8979,feature_8980,feature_8981,feature_8982,feature_8983,feature_8984,feature_8985,feature_8986,feature_8987,feature_8988,feature_8989,feature_8990,feature_8991,feature_8992,feature_8993,feature_8994,feature_8995,feature_8996,feature_8997,feature_8998,feature_8999,feature_9000,feature_9001,feature_9002,feature_9003,feature_9004,feature_9005,feature_9006,feature_9007,feature_9008,feature_9009,feature_9010,feature_9011,feature_9012,feature_9013,feature_9014,feature_9015,feature_9016,feature_9017,feature_9018,feature_9019,feature_9020,feature_9021,feature_9022,feature_9023,feature_9024,feature_9025,feature_9026,feature_9027,feature_9028,feature_9029,feature_9030,feature_9031,feature_9032,feature_9033,feature_9034,feature_9035,feature_9036,feature_9037,feature_9038,feature_9039,feature_9040,feature_9041,feature_9042,feature_9043,feature_9044,feature_9045,feature_9046,feature_9047,feature_9048,feature_9049,feature_9050,feature_9051,feature_9052,feature_9053,feature_9054,feature_9055,feature_9056,feature_9057,feature_9058,feature_9059,feature_9060,feature_9061,feature_9062,feature_9063,feature_9064,feature_9065,feature_9066,feature_9067,feature_9068,feature_9069,feature_9070,feature_9071,feature_9072,feature_9073,feature_9074,feature_9075,feature_9076,feature_9077,feature_9078,feature_9079,feature_9080,feature_9081,feature_9082,feature_9083,feature_9084,feature_9085,feature_9086,feature_9087,feature_9088,feature_9089,feature_9090,feature_9091,feature_9092,feature_9093,feature_9094,feature_9095,feature_9096,feature_9097,feature_9098,feature_9099,feature_9100,feature_9101,feature_9102,feature_9103,feature_9104,feature_9105,feature_9106,feature_9107,feature_9108,feature_9109,feature_9110,feature_9111,feature_9112,feature_9113,feature_9114,feature_9115,feature_9116,feature_9117,feature_9118,feature_9119,feature_9120,feature_9121,feature_9122,feature_9123,feature_9124,feature_9125,feature_9126,feature_9127,feature_9128,feature_9129,feature_9130,feature_9131,feature_9132,feature_9133,feature_9134,feature_9135,feature_9136,feature_9137,feature_9138,feature_9139,feature_9140,feature_9141,feature_9142,feature_9143,feature_9144,feature_9145,feature_9146,feature_9147,feature_9148,feature_9149,feature_9150,feature_9151,feature_9152,feature_9153,feature_9154,feature_9155,feature_9156,feature_9157,feature_9158,feature_9159,feature_9160,feature_9161,feature_9162,feature_9163,feature_9164,feature_9165,feature_9166,feature_9167,feature_9168,feature_9169,feature_9170,feature_9171,feature_9172,feature_9173,feature_9174,feature_9175,feature_9176,feature_9177,feature_9178,feature_9179,feature_9180,feature_9181,feature_9182,feature_9183,feature_9184,feature_9185,feature_9186,feature_9187,feature_9188,feature_9189,feature_9190,feature_9191,feature_9192,feature_9193,feature_9194,feature_9195,feature_9196,feature_9197,feature_9198,feature_9199,feature_9200,feature_9201,feature_9202,feature_9203,feature_9204,feature_9205,feature_9206,feature_9207,feature_9208,feature_9209,feature_9210,feature_9211,feature_9212,feature_9213,feature_9214,feature_9215,feature_9216,feature_9217,feature_9218,feature_9219,feature_9220,feature_9221,feature_9222,feature_9223,feature_9224,feature_9225,feature_9226,feature_9227,feature_9228,feature_9229,feature_9230,feature_9231,feature_9232,feature_9233,feature_9234,feature_9235,feature_9236,feature_9237,feature_9238,feature_9239,feature_9240,feature_9241,feature_9242,feature_9243,feature_9244,feature_9245,feature_9246,feature_9247,feature_9248,feature_9249,feature_9250,feature_9251,feature_9252,feature_9253,feature_9254,feature_9255,feature_9256,feature_9257,feature_9258,feature_9259,feature_9260,feature_9261,feature_9262,feature_9263,feature_9264,feature_9265,feature_9266,feature_9267,feature_9268,feature_9269,feature_9270,feature_9271,feature_9272,feature_9273,feature_9274,feature_9275,feature_9276,feature_9277,feature_9278,feature_9279,feature_9280,feature_9281,feature_9282,feature_9283,feature_9284,feature_9285,feature_9286,feature_9287,feature_9288,feature_9289,feature_9290,feature_9291,feature_9292,feature_9293,feature_9294,feature_9295,feature_9296,feature_9297,feature_9298,feature_9299,feature_9300,feature_9301,feature_9302,feature_9303,feature_9304,feature_9305,feature_9306,feature_9307,feature_9308,feature_9309,feature_9310,feature_9311,feature_9312,feature_9313,feature_9314,feature_9315,feature_9316,feature_9317,feature_9318,feature_9319,feature_9320,feature_9321,feature_9322,feature_9323,feature_9324,feature_9325,feature_9326,feature_9327,feature_9328,feature_9329,feature_9330,feature_9331,feature_9332,feature_9333,feature_9334,feature_9335,feature_9336,feature_9337,feature_9338,feature_9339,feature_9340,feature_9341,feature_9342,feature_9343,feature_9344,feature_9345,feature_9346,feature_9347,feature_9348,feature_9349,feature_9350,feature_9351,feature_9352,feature_9353,feature_9354,feature_9355,feature_9356,feature_9357,feature_9358,feature_9359,feature_9360,feature_9361,feature_9362,feature_9363,feature_9364,feature_9365,feature_9366,feature_9367,feature_9368,feature_9369,feature_9370,feature_9371,feature_9372,feature_9373,feature_9374,feature_9375,feature_9376,feature_9377,feature_9378,feature_9379,feature_9380,feature_9381,feature_9382,feature_9383,feature_9384,feature_9385,feature_9386,feature_9387,feature_9388,feature_9389,feature_9390,feature_9391,feature_9392,feature_9393,feature_9394,feature_9395,feature_9396,feature_9397,feature_9398,feature_9399,feature_9400,feature_9401,feature_9402,feature_9403,feature_9404,feature_9405,feature_9406,feature_9407,feature_9408,feature_9409,feature_9410,feature_9411,feature_9412,feature_9413,feature_9414,feature_9415,feature_9416,feature_9417,feature_9418,feature_9419,feature_9420,feature_9421,feature_9422,feature_9423,feature_9424,feature_9425,feature_9426,feature_9427,feature_9428,feature_9429,feature_9430,feature_9431,feature_9432,feature_9433,feature_9434,feature_9435,feature_9436,feature_9437,feature_9438,feature_9439,feature_9440,feature_9441,feature_9442,feature_9443,feature_9444,feature_9445,feature_9446,feature_9447,feature_9448,feature_9449,feature_9450,feature_9451,feature_9452,feature_9453,feature_9454,feature_9455,feature_9456,feature_9457,feature_9458,feature_9459,feature_9460,feature_9461,feature_9462,feature_9463,feature_9464,feature_9465,feature_9466,feature_9467,feature_9468,feature_9469,feature_9470,feature_9471,feature_9472,feature_9473,feature_9474,feature_9475,feature_9476,feature_9477,feature_9478,feature_9479,feature_9480,feature_9481,feature_9482,feature_9483,feature_9484,feature_9485,feature_9486,feature_9487,feature_9488,feature_9489,feature_9490,feature_9491,feature_9492,feature_9493,feature_9494,feature_9495,feature_9496,feature_9497,feature_9498,feature_9499,feature_9500,feature_9501,feature_9502,feature_9503,feature_9504,feature_9505,feature_9506,feature_9507,feature_9508,feature_9509,feature_9510,feature_9511,feature_9512,feature_9513,feature_9514,feature_9515,feature_9516,feature_9517,feature_9518,feature_9519,feature_9520,feature_9521,feature_9522,feature_9523,feature_9524,feature_9525,feature_9526,feature_9527,feature_9528,feature_9529,feature_9530,feature_9531,feature_9532,feature_9533,feature_9534,feature_9535,feature_9536,feature_9537,feature_9538,feature_9539,feature_9540,feature_9541,feature_9542,feature_9543,feature_9544,feature_9545,feature_9546,feature_9547,feature_9548,feature_9549,feature_9550,feature_9551,feature_9552,feature_9553,feature_9554,feature_9555,feature_9556,feature_9557,feature_9558,feature_9559,feature_9560,feature_9561,feature_9562,feature_9563,feature_9564,feature_9565,feature_9566,feature_9567,feature_9568,feature_9569,feature_9570,feature_9571,feature_9572,feature_9573,feature_9574,feature_9575,feature_9576,feature_9577,feature_9578,feature_9579,feature_9580,feature_9581,feature_9582,feature_9583,feature_9584,feature_9585,feature_9586,feature_9587,feature_9588,feature_9589,feature_9590,feature_9591,feature_9592,feature_9593,feature_9594,feature_9595,feature_9596,feature_9597,feature_9598,feature_9599,feature_9600,feature_9601,feature_9602,feature_9603,feature_9604,feature_9605,feature_9606,feature_9607,feature_9608,feature_9609,feature_9610,feature_9611,feature_9612,feature_9613,feature_9614,feature_9615,feature_9616,feature_9617,feature_9618,feature_9619,feature_9620,feature_9621,feature_9622,feature_9623,feature_9624,feature_9625,feature_9626,feature_9627,feature_9628,feature_9629,feature_9630,feature_9631,feature_9632,feature_9633,feature_9634,feature_9635,feature_9636,feature_9637,feature_9638,feature_9639,feature_9640,feature_9641,feature_9642,feature_9643,feature_9644,feature_9645,feature_9646,feature_9647,feature_9648,feature_9649,feature_9650,feature_9651,feature_9652,feature_9653,feature_9654,feature_9655,feature_9656,feature_9657,feature_9658,feature_9659,feature_9660,feature_9661,feature_9662,feature_9663,feature_9664,feature_9665,feature_9666,feature_9667,feature_9668,feature_9669,feature_9670,feature_9671,feature_9672,feature_9673,feature_9674,feature_9675,feature_9676,feature_9677,feature_9678,feature_9679,feature_9680,feature_9681,feature_9682,feature_9683,feature_9684,feature_9685,feature_9686,feature_9687,feature_9688,feature_9689,feature_9690,feature_9691,feature_9692,feature_9693,feature_9694,feature_9695,feature_9696,feature_9697,feature_9698,feature_9699,feature_9700,feature_9701,feature_9702,feature_9703,feature_9704,feature_9705,feature_9706,feature_9707,feature_9708,feature_9709,feature_9710,feature_9711,feature_9712,feature_9713,feature_9714,feature_9715,feature_9716,feature_9717,feature_9718,feature_9719,feature_9720,feature_9721,feature_9722,feature_9723,feature_9724,feature_9725,feature_9726,feature_9727,feature_9728,feature_9729,feature_9730,feature_9731,feature_9732,feature_9733,feature_9734,feature_9735,feature_9736,feature_9737,feature_9738,feature_9739,feature_9740,feature_9741,feature_9742,feature_9743,feature_9744,feature_9745,feature_9746,feature_9747,feature_9748,feature_9749,feature_9750,feature_9751,feature_9752,feature_9753,feature_9754,feature_9755,feature_9756,feature_9757,feature_9758,feature_9759,feature_9760,feature_9761,feature_9762,feature_9763,feature_9764,feature_9765,feature_9766,feature_9767,feature_9768,feature_9769,feature_9770,feature_9771,feature_9772,feature_9773,feature_9774,feature_9775,feature_9776,feature_9777,feature_9778,feature_9779,feature_9780,feature_9781,feature_9782,feature_9783,feature_9784,feature_9785,feature_9786,feature_9787,feature_9788,feature_9789,feature_9790,feature_9791,feature_9792,feature_9793,feature_9794,feature_9795,feature_9796,feature_9797,feature_9798,feature_9799,feature_9800,feature_9801,feature_9802,feature_9803,feature_9804,feature_9805,feature_9806,feature_9807,feature_9808,feature_9809,feature_9810,feature_9811,feature_9812,feature_9813,feature_9814,feature_9815,feature_9816,feature_9817,feature_9818,feature_9819,feature_9820,feature_9821,feature_9822,feature_9823,feature_9824,feature_9825,feature_9826,feature_9827,feature_9828,feature_9829,feature_9830,feature_9831,feature_9832,feature_9833,feature_9834,feature_9835,feature_9836,feature_9837,feature_9838,feature_9839,feature_9840,feature_9841,feature_9842,feature_9843,feature_9844,feature_9845,feature_9846,feature_9847,feature_9848,feature_9849,feature_9850,feature_9851,feature_9852,feature_9853,feature_9854,feature_9855,feature_9856,feature_9857,feature_9858,feature_9859,feature_9860,feature_9861,feature_9862,feature_9863,feature_9864,feature_9865,feature_9866,feature_9867,feature_9868,feature_9869,feature_9870,feature_9871,feature_9872,feature_9873,feature_9874,feature_9875,feature_9876,feature_9877,feature_9878,feature_9879,feature_9880,feature_9881,feature_9882,feature_9883,feature_9884,feature_9885,feature_9886,feature_9887,feature_9888,feature_9889,feature_9890,feature_9891,feature_9892,feature_9893,feature_9894,feature_9895,feature_9896,feature_9897,feature_9898,feature_9899,feature_9900,feature_9901,feature_9902,feature_9903,feature_9904,feature_9905,feature_9906,feature_9907,feature_9908,feature_9909,feature_9910,feature_9911,feature_9912,feature_9913,feature_9914,feature_9915,feature_9916,feature_9917,feature_9918,feature_9919,feature_9920,feature_9921,feature_9922,feature_9923,feature_9924,feature_9925,feature_9926,feature_9927,feature_9928,feature_9929,feature_9930,feature_9931,feature_9932,feature_9933,feature_9934,feature_9935,feature_9936,feature_9937,feature_9938,feature_9939,feature_9940,feature_9941,feature_9942,feature_9943,feature_9944,feature_9945,feature_9946,feature_9947,feature_9948,feature_9949,feature_9950,feature_9951,feature_9952,feature_9953,feature_9954,feature_9955,feature_9956,feature_9957,feature_9958,feature_9959,feature_9960,feature_9961,feature_9962,feature_9963,feature_9964,feature_9965,feature_9966,feature_9967,feature_9968,feature_9969,feature_9970,feature_9971,feature_9972,feature_9973,feature_9974,feature_9975,feature_9976,feature_9977,feature_9978,feature_9979,feature_9980,feature_9981,feature_9982,feature_9983,feature_9984,feature_9985,feature_9986,feature_9987,feature_9988,feature_9989,feature_9990,feature_9991,feature_9992,feature_9993,feature_9994,feature_9995,feature_9996,feature_9997,feature_9998,feature_9999,feature_10000,feature_10001,feature_10002,feature_10003,feature_10004,feature_10005,feature_10006,feature_10007,feature_10008,feature_10009,feature_10010,feature_10011,feature_10012,feature_10013,feature_10014,feature_10015,feature_10016,feature_10017,feature_10018,feature_10019,feature_10020,feature_10021,feature_10022,feature_10023,feature_10024,feature_10025,feature_10026,feature_10027,feature_10028,feature_10029,feature_10030,feature_10031,feature_10032,feature_10033,feature_10034,feature_10035,feature_10036,feature_10037,feature_10038,feature_10039,feature_10040,feature_10041,feature_10042,feature_10043,feature_10044,feature_10045,feature_10046,feature_10047,feature_10048,feature_10049,feature_10050,feature_10051,feature_10052,feature_10053,feature_10054,feature_10055,feature_10056,feature_10057,feature_10058,feature_10059,feature_10060,feature_10061,feature_10062,feature_10063,feature_10064,feature_10065,feature_10066,feature_10067,feature_10068,feature_10069,feature_10070,feature_10071,feature_10072,feature_10073,feature_10074,feature_10075,feature_10076,feature_10077,feature_10078,feature_10079,feature_10080,feature_10081,feature_10082,feature_10083,feature_10084,feature_10085,feature_10086,feature_10087,feature_10088,feature_10089,feature_10090,feature_10091,feature_10092,feature_10093,feature_10094,feature_10095,feature_10096,feature_10097,feature_10098,feature_10099,feature_10100,feature_10101,feature_10102,feature_10103,feature_10104,feature_10105,feature_10106,feature_10107,feature_10108,feature_10109,feature_10110,feature_10111,feature_10112,feature_10113,feature_10114,feature_10115,feature_10116,feature_10117,feature_10118,feature_10119,feature_10120,feature_10121,feature_10122,feature_10123,feature_10124,feature_10125,feature_10126,feature_10127,feature_10128,feature_10129,feature_10130,feature_10131,feature_10132,feature_10133,feature_10134,feature_10135,feature_10136,feature_10137,feature_10138,feature_10139,feature_10140,feature_10141,feature_10142,feature_10143,feature_10144,feature_10145,feature_10146,feature_10147,feature_10148,feature_10149,feature_10150,feature_10151,feature_10152,feature_10153,feature_10154,feature_10155,feature_10156,feature_10157,feature_10158,feature_10159,feature_10160,feature_10161,feature_10162,feature_10163,feature_10164,feature_10165,feature_10166,feature_10167,feature_10168,feature_10169,feature_10170,feature_10171,feature_10172,feature_10173,feature_10174,feature_10175,feature_10176,feature_10177,feature_10178,feature_10179,feature_10180,feature_10181,feature_10182,feature_10183,feature_10184,feature_10185,feature_10186,feature_10187,feature_10188,feature_10189,feature_10190,feature_10191,feature_10192,feature_10193,feature_10194,feature_10195,feature_10196,feature_10197,feature_10198,feature_10199,feature_10200,feature_10201,feature_10202,feature_10203,feature_10204,feature_10205,feature_10206,feature_10207,feature_10208,feature_10209,feature_10210,feature_10211,feature_10212,feature_10213,feature_10214,feature_10215,feature_10216,feature_10217,feature_10218,feature_10219,feature_10220,feature_10221,feature_10222,feature_10223,feature_10224,feature_10225,feature_10226,feature_10227,feature_10228,feature_10229,feature_10230,feature_10231,feature_10232,feature_10233,feature_10234,feature_10235,feature_10236,feature_10237,feature_10238,feature_10239,feature_10240,feature_10241,feature_10242,feature_10243,feature_10244,feature_10245,feature_10246,feature_10247,feature_10248,feature_10249,feature_10250,feature_10251,feature_10252,feature_10253,feature_10254,feature_10255,feature_10256,feature_10257,feature_10258,feature_10259,feature_10260,feature_10261,feature_10262,feature_10263,feature_10264,feature_10265,feature_10266,feature_10267,feature_10268,feature_10269,feature_10270,feature_10271,feature_10272,feature_10273,feature_10274,feature_10275,feature_10276,feature_10277,feature_10278,feature_10279,feature_10280,feature_10281,feature_10282,feature_10283,feature_10284,feature_10285,feature_10286,feature_10287,feature_10288,feature_10289,feature_10290,feature_10291,feature_10292,feature_10293,feature_10294,feature_10295,feature_10296,feature_10297,feature_10298,feature_10299,feature_10300,feature_10301,feature_10302,feature_10303,feature_10304,feature_10305,feature_10306,feature_10307,feature_10308,feature_10309,feature_10310,feature_10311,feature_10312,feature_10313,feature_10314,feature_10315,feature_10316,feature_10317,feature_10318,feature_10319,feature_10320,feature_10321,feature_10322,feature_10323,feature_10324,feature_10325,feature_10326,feature_10327,feature_10328,feature_10329,feature_10330,feature_10331,feature_10332,feature_10333,feature_10334,feature_10335,feature_10336,feature_10337,feature_10338,feature_10339,feature_10340,feature_10341,feature_10342,feature_10343,feature_10344,feature_10345,feature_10346,feature_10347,feature_10348,feature_10349,feature_10350,feature_10351,feature_10352,feature_10353,feature_10354,feature_10355,feature_10356,feature_10357,feature_10358,feature_10359,feature_10360,feature_10361,feature_10362,feature_10363,feature_10364,feature_10365,feature_10366,feature_10367,feature_10368,feature_10369,feature_10370,feature_10371,feature_10372,feature_10373,feature_10374,feature_10375,feature_10376,feature_10377,feature_10378,feature_10379,feature_10380,feature_10381,feature_10382,feature_10383,feature_10384,feature_10385,feature_10386,feature_10387,feature_10388,feature_10389,feature_10390,feature_10391,feature_10392,feature_10393,feature_10394,feature_10395,feature_10396,feature_10397,feature_10398,feature_10399,feature_10400,feature_10401,feature_10402,feature_10403,feature_10404,feature_10405,feature_10406,feature_10407,feature_10408,feature_10409,feature_10410,feature_10411,feature_10412,feature_10413,feature_10414,feature_10415,feature_10416,feature_10417,feature_10418,feature_10419,feature_10420,feature_10421,feature_10422,feature_10423,feature_10424,feature_10425,feature_10426,feature_10427,feature_10428,feature_10429,feature_10430,feature_10431,feature_10432,feature_10433,feature_10434,feature_10435,feature_10436,feature_10437,feature_10438,feature_10439,feature_10440,feature_10441,feature_10442,feature_10443,feature_10444,feature_10445,feature_10446,feature_10447,feature_10448,feature_10449,feature_10450,feature_10451,feature_10452,feature_10453,feature_10454,feature_10455,feature_10456,feature_10457,feature_10458,feature_10459,feature_10460,feature_10461,feature_10462,feature_10463,feature_10464,feature_10465,feature_10466,feature_10467,feature_10468,feature_10469,feature_10470,feature_10471,feature_10472,feature_10473,feature_10474,feature_10475,feature_10476,feature_10477,feature_10478,feature_10479,feature_10480,feature_10481,feature_10482,feature_10483,feature_10484,feature_10485,feature_10486,feature_10487,feature_10488,feature_10489,feature_10490,feature_10491,feature_10492,feature_10493,feature_10494,feature_10495,feature_10496,feature_10497,feature_10498,feature_10499,feature_10500,feature_10501,feature_10502,feature_10503,feature_10504,feature_10505,feature_10506,feature_10507,feature_10508,feature_10509,feature_10510,feature_10511,feature_10512,feature_10513,feature_10514,feature_10515,feature_10516,feature_10517,feature_10518,feature_10519,feature_10520,feature_10521,feature_10522,feature_10523,feature_10524,feature_10525,feature_10526,feature_10527,feature_10528,feature_10529,feature_10530,feature_10531,feature_10532,feature_10533,feature_10534,feature_10535,feature_10536,feature_10537,feature_10538,feature_10539,feature_10540,feature_10541,feature_10542,feature_10543,feature_10544,feature_10545,feature_10546,feature_10547,feature_10548,feature_10549,feature_10550,feature_10551,feature_10552,feature_10553,feature_10554,feature_10555,feature_10556,feature_10557,feature_10558,feature_10559,feature_10560,feature_10561,feature_10562,feature_10563,feature_10564,feature_10565,feature_10566,feature_10567,feature_10568,feature_10569,feature_10570,feature_10571,feature_10572,feature_10573,feature_10574,feature_10575,feature_10576,feature_10577,feature_10578,feature_10579,feature_10580,feature_10581,feature_10582,feature_10583,feature_10584,feature_10585,feature_10586,feature_10587,feature_10588,feature_10589,feature_10590,feature_10591,feature_10592,feature_10593,feature_10594,feature_10595,feature_10596,feature_10597,feature_10598,feature_10599,feature_10600,feature_10601,feature_10602,feature_10603,feature_10604,feature_10605,feature_10606,feature_10607,feature_10608,feature_10609,feature_10610,feature_10611,feature_10612,feature_10613,feature_10614,feature_10615,feature_10616,feature_10617,feature_10618,feature_10619,feature_10620,feature_10621,feature_10622,feature_10623,feature_10624,feature_10625,feature_10626,feature_10627,feature_10628,feature_10629,feature_10630,feature_10631,feature_10632,feature_10633,feature_10634,feature_10635,feature_10636,feature_10637,feature_10638,feature_10639,feature_10640,feature_10641,feature_10642,feature_10643,feature_10644,feature_10645,feature_10646,feature_10647,feature_10648,feature_10649,feature_10650,feature_10651,feature_10652,feature_10653,feature_10654,feature_10655,feature_10656,feature_10657,feature_10658,feature_10659,feature_10660,feature_10661,feature_10662,feature_10663,feature_10664,feature_10665,feature_10666,feature_10667,feature_10668,feature_10669,feature_10670,feature_10671,feature_10672,feature_10673,feature_10674,feature_10675,feature_10676,feature_10677,feature_10678,feature_10679,feature_10680,feature_10681,feature_10682,feature_10683,feature_10684,feature_10685,feature_10686,feature_10687,feature_10688,feature_10689,feature_10690,feature_10691,feature_10692,feature_10693,feature_10694,feature_10695,feature_10696,feature_10697,feature_10698,feature_10699,feature_10700,feature_10701,feature_10702,feature_10703,feature_10704,feature_10705,feature_10706,feature_10707,feature_10708,feature_10709,feature_10710,feature_10711,feature_10712,feature_10713,feature_10714,feature_10715,feature_10716,feature_10717,feature_10718,feature_10719,feature_10720,feature_10721,feature_10722,feature_10723,feature_10724,feature_10725,feature_10726,feature_10727,feature_10728,feature_10729,feature_10730,feature_10731,feature_10732,feature_10733,feature_10734,feature_10735,feature_10736,feature_10737,feature_10738,feature_10739,feature_10740,feature_10741,feature_10742,feature_10743,feature_10744,feature_10745,feature_10746,feature_10747,feature_10748,feature_10749,feature_10750,feature_10751,feature_10752,feature_10753,feature_10754,feature_10755,feature_10756,feature_10757,feature_10758,feature_10759,feature_10760,feature_10761,feature_10762,feature_10763,feature_10764,feature_10765,feature_10766,feature_10767,feature_10768,feature_10769,feature_10770,feature_10771,feature_10772,feature_10773,feature_10774,feature_10775,feature_10776,feature_10777,feature_10778,feature_10779,feature_10780,feature_10781,feature_10782,feature_10783,feature_10784,feature_10785,feature_10786,feature_10787,feature_10788,feature_10789,feature_10790,feature_10791,feature_10792,feature_10793,feature_10794,feature_10795,feature_10796,feature_10797,feature_10798,feature_10799,feature_10800,feature_10801,feature_10802,feature_10803,feature_10804,feature_10805,feature_10806,feature_10807,feature_10808,feature_10809,feature_10810,feature_10811,feature_10812,feature_10813,feature_10814,feature_10815,feature_10816,feature_10817,feature_10818,feature_10819,feature_10820,feature_10821,feature_10822,feature_10823,feature_10824,feature_10825,feature_10826,feature_10827,feature_10828,feature_10829,feature_10830,feature_10831,feature_10832,feature_10833,feature_10834,feature_10835,feature_10836,feature_10837,feature_10838,feature_10839,feature_10840,feature_10841,feature_10842,feature_10843,feature_10844,feature_10845,feature_10846,feature_10847,feature_10848,feature_10849,feature_10850,feature_10851,feature_10852,feature_10853,feature_10854,feature_10855,feature_10856,feature_10857,feature_10858,feature_10859,feature_10860,feature_10861,feature_10862,feature_10863,feature_10864,feature_10865,feature_10866,feature_10867,feature_10868,feature_10869,feature_10870,feature_10871,feature_10872,feature_10873,feature_10874,feature_10875,feature_10876,feature_10877,feature_10878,feature_10879,feature_10880,feature_10881,feature_10882,feature_10883,feature_10884,feature_10885,feature_10886,feature_10887,feature_10888,feature_10889,feature_10890,feature_10891,feature_10892,feature_10893,feature_10894,feature_10895,feature_10896,feature_10897,feature_10898,feature_10899,feature_10900,feature_10901,feature_10902,feature_10903,feature_10904,feature_10905,feature_10906,feature_10907,feature_10908,feature_10909,feature_10910,feature_10911,feature_10912,feature_10913,feature_10914,feature_10915,feature_10916,feature_10917,feature_10918,feature_10919,feature_10920,feature_10921,feature_10922,feature_10923,feature_10924,feature_10925,feature_10926,feature_10927,feature_10928,feature_10929,feature_10930,feature_10931,feature_10932,feature_10933,feature_10934,feature_10935,feature_10936,feature_10937,feature_10938,feature_10939,feature_10940,feature_10941,feature_10942,feature_10943,feature_10944,feature_10945,feature_10946,feature_10947,feature_10948,feature_10949,feature_10950,feature_10951,feature_10952,feature_10953,feature_10954,feature_10955,feature_10956,feature_10957,feature_10958,feature_10959,feature_10960,feature_10961,feature_10962,feature_10963,feature_10964,feature_10965,feature_10966,feature_10967,feature_10968,feature_10969,feature_10970,feature_10971,feature_10972,feature_10973,feature_10974,feature_10975,feature_10976,feature_10977,feature_10978,feature_10979,feature_10980,feature_10981,feature_10982,feature_10983,feature_10984,feature_10985,feature_10986,feature_10987,feature_10988,feature_10989,feature_10990,feature_10991,feature_10992,feature_10993,feature_10994,feature_10995,feature_10996,feature_10997,feature_10998,feature_10999,feature_11000,feature_11001,feature_11002,feature_11003,feature_11004,feature_11005,feature_11006,feature_11007,feature_11008,feature_11009,feature_11010,feature_11011,feature_11012,feature_11013,feature_11014,feature_11015,feature_11016,feature_11017,feature_11018,feature_11019,feature_11020,feature_11021,feature_11022,feature_11023,feature_11024,feature_11025,feature_11026,feature_11027,feature_11028,feature_11029,feature_11030,feature_11031,feature_11032,feature_11033,feature_11034,feature_11035,feature_11036,feature_11037,feature_11038,feature_11039,feature_11040,feature_11041,feature_11042,feature_11043,feature_11044,feature_11045,feature_11046,feature_11047,feature_11048,feature_11049,feature_11050,feature_11051,feature_11052,feature_11053,feature_11054,feature_11055,feature_11056,feature_11057,feature_11058,feature_11059,feature_11060,feature_11061,feature_11062,feature_11063,feature_11064,feature_11065,feature_11066,feature_11067,feature_11068,feature_11069,feature_11070,feature_11071,feature_11072,feature_11073,feature_11074,feature_11075,feature_11076,feature_11077,feature_11078,feature_11079,feature_11080,feature_11081,feature_11082,feature_11083,feature_11084,feature_11085,feature_11086,feature_11087,feature_11088,feature_11089,feature_11090,feature_11091,feature_11092,feature_11093,feature_11094,feature_11095,feature_11096,feature_11097,feature_11098,feature_11099,feature_11100,feature_11101,feature_11102,feature_11103,feature_11104,feature_11105,feature_11106,feature_11107,feature_11108,feature_11109,feature_11110,feature_11111,feature_11112,feature_11113,feature_11114,feature_11115,feature_11116,feature_11117,feature_11118,feature_11119,feature_11120,feature_11121,feature_11122,feature_11123,feature_11124,feature_11125,feature_11126,feature_11127,feature_11128,feature_11129,feature_11130,feature_11131,feature_11132,feature_11133,feature_11134,feature_11135,feature_11136,feature_11137,feature_11138,feature_11139,feature_11140,feature_11141,feature_11142,feature_11143,feature_11144,feature_11145,feature_11146,feature_11147,feature_11148,feature_11149,feature_11150,feature_11151,feature_11152,feature_11153,feature_11154,feature_11155,feature_11156,feature_11157,feature_11158,feature_11159,feature_11160,feature_11161,feature_11162,feature_11163,feature_11164,feature_11165,feature_11166,feature_11167,feature_11168,feature_11169,feature_11170,feature_11171,feature_11172,feature_11173,feature_11174,feature_11175,feature_11176,feature_11177,feature_11178,feature_11179,feature_11180,feature_11181,feature_11182,feature_11183,feature_11184,feature_11185,feature_11186,feature_11187,feature_11188,feature_11189,feature_11190,feature_11191,feature_11192,feature_11193,feature_11194,feature_11195,feature_11196,feature_11197,feature_11198,feature_11199,feature_11200,feature_11201,feature_11202,feature_11203,feature_11204,feature_11205,feature_11206,feature_11207,feature_11208,feature_11209,feature_11210,feature_11211,feature_11212,feature_11213,feature_11214,feature_11215,feature_11216,feature_11217,feature_11218,feature_11219,feature_11220,feature_11221,feature_11222,feature_11223,feature_11224,feature_11225,feature_11226,feature_11227,feature_11228,feature_11229,feature_11230,feature_11231,feature_11232,feature_11233,feature_11234,feature_11235,feature_11236,feature_11237,feature_11238,feature_11239,feature_11240,feature_11241,feature_11242,feature_11243,feature_11244,feature_11245,feature_11246,feature_11247,feature_11248,feature_11249,feature_11250,feature_11251,feature_11252,feature_11253,feature_11254,feature_11255,feature_11256,feature_11257,feature_11258,feature_11259,feature_11260,feature_11261,feature_11262,feature_11263,feature_11264,feature_11265,feature_11266,feature_11267,feature_11268,feature_11269,feature_11270,feature_11271,feature_11272,feature_11273,feature_11274,feature_11275,feature_11276,feature_11277,feature_11278,feature_11279,feature_11280,feature_11281,feature_11282,feature_11283,feature_11284,feature_11285,feature_11286,feature_11287,feature_11288,feature_11289,feature_11290,feature_11291,feature_11292,feature_11293,feature_11294,feature_11295,feature_11296,feature_11297,feature_11298,feature_11299,feature_11300,feature_11301,feature_11302,feature_11303,feature_11304,feature_11305,feature_11306,feature_11307,feature_11308,feature_11309,feature_11310,feature_11311,feature_11312,feature_11313,feature_11314,feature_11315,feature_11316,feature_11317,feature_11318,feature_11319,feature_11320,feature_11321,feature_11322,feature_11323,feature_11324,feature_11325,feature_11326,feature_11327,feature_11328,feature_11329,feature_11330,feature_11331,feature_11332,feature_11333,feature_11334,feature_11335,feature_11336,feature_11337,feature_11338,feature_11339,feature_11340,feature_11341,feature_11342,feature_11343,feature_11344,feature_11345,feature_11346,feature_11347,feature_11348,feature_11349,feature_11350,feature_11351,feature_11352,feature_11353,feature_11354,feature_11355,feature_11356,feature_11357,feature_11358,feature_11359,feature_11360,feature_11361,feature_11362,feature_11363,feature_11364,feature_11365,feature_11366,feature_11367,feature_11368,feature_11369,feature_11370,feature_11371,feature_11372,feature_11373,feature_11374,feature_11375,feature_11376,feature_11377,feature_11378,feature_11379,feature_11380,feature_11381,feature_11382,feature_11383,feature_11384,feature_11385,feature_11386,feature_11387,feature_11388,feature_11389,feature_11390,feature_11391,feature_11392,feature_11393,feature_11394,feature_11395,feature_11396,feature_11397,feature_11398,feature_11399,feature_11400,feature_11401,feature_11402,feature_11403,feature_11404,feature_11405,feature_11406,feature_11407,feature_11408,feature_11409,feature_11410,feature_11411,feature_11412,feature_11413,feature_11414,feature_11415,feature_11416,feature_11417,feature_11418,feature_11419,feature_11420,feature_11421,feature_11422,feature_11423,feature_11424,feature_11425,feature_11426,feature_11427,feature_11428,feature_11429,feature_11430,feature_11431,feature_11432,feature_11433,feature_11434,feature_11435,feature_11436,feature_11437,feature_11438,feature_11439,feature_11440,feature_11441,feature_11442,feature_11443,feature_11444,feature_11445,feature_11446,feature_11447,feature_11448,feature_11449,feature_11450,feature_11451,feature_11452,feature_11453,feature_11454,feature_11455,feature_11456,feature_11457,feature_11458,feature_11459,feature_11460,feature_11461,feature_11462,feature_11463,feature_11464,feature_11465,feature_11466,feature_11467,feature_11468,feature_11469,feature_11470,feature_11471,feature_11472,feature_11473,feature_11474,feature_11475,feature_11476,feature_11477,feature_11478,feature_11479,feature_11480,feature_11481,feature_11482,feature_11483,feature_11484,feature_11485,feature_11486,feature_11487,feature_11488,feature_11489,feature_11490,feature_11491,feature_11492,feature_11493,feature_11494,feature_11495,feature_11496,feature_11497,feature_11498,feature_11499,feature_11500,feature_11501,feature_11502,feature_11503,feature_11504,feature_11505,feature_11506,feature_11507,feature_11508,feature_11509,feature_11510,feature_11511,feature_11512,feature_11513,feature_11514,feature_11515,feature_11516,feature_11517,feature_11518,feature_11519,feature_11520,feature_11521,feature_11522,feature_11523,feature_11524,feature_11525,feature_11526,feature_11527,feature_11528,feature_11529,feature_11530,feature_11531,feature_11532,feature_11533,feature_11534,feature_11535,feature_11536,feature_11537,feature_11538,feature_11539,feature_11540,feature_11541,feature_11542,feature_11543,feature_11544,feature_11545,feature_11546,feature_11547,feature_11548,feature_11549,feature_11550,feature_11551,feature_11552,feature_11553,feature_11554,feature_11555,feature_11556,feature_11557,feature_11558,feature_11559,feature_11560,feature_11561,feature_11562,feature_11563,feature_11564,feature_11565,feature_11566,feature_11567,feature_11568,feature_11569,feature_11570,feature_11571,feature_11572,feature_11573,feature_11574,feature_11575,feature_11576,feature_11577,feature_11578,feature_11579,feature_11580,feature_11581,feature_11582,feature_11583,feature_11584,feature_11585,feature_11586,feature_11587,feature_11588,feature_11589,feature_11590,feature_11591,feature_11592,feature_11593,feature_11594,feature_11595,feature_11596,feature_11597,feature_11598,feature_11599,feature_11600,feature_11601,feature_11602,feature_11603,feature_11604,feature_11605,feature_11606,feature_11607,feature_11608,feature_11609,feature_11610,feature_11611,feature_11612,feature_11613,feature_11614,feature_11615,feature_11616,feature_11617,feature_11618,feature_11619,feature_11620,feature_11621,feature_11622,feature_11623,feature_11624,feature_11625,feature_11626,feature_11627,feature_11628,feature_11629,feature_11630,feature_11631,feature_11632,feature_11633,feature_11634,feature_11635,feature_11636,feature_11637,feature_11638,feature_11639,feature_11640,feature_11641,feature_11642,feature_11643,feature_11644,feature_11645,feature_11646,feature_11647,feature_11648,feature_11649,feature_11650,feature_11651,feature_11652,feature_11653,feature_11654,feature_11655,feature_11656,feature_11657,feature_11658,feature_11659,feature_11660,feature_11661,feature_11662,feature_11663,feature_11664,feature_11665,feature_11666,feature_11667,feature_11668,feature_11669,feature_11670,feature_11671,feature_11672,feature_11673,feature_11674,feature_11675,feature_11676,feature_11677,feature_11678,feature_11679,feature_11680,feature_11681,feature_11682,feature_11683,feature_11684,feature_11685,feature_11686,feature_11687,feature_11688,feature_11689,feature_11690,feature_11691,feature_11692,feature_11693,feature_11694,feature_11695,feature_11696,feature_11697,feature_11698,feature_11699,feature_11700,feature_11701,feature_11702,feature_11703,feature_11704,feature_11705,feature_11706,feature_11707,feature_11708,feature_11709,feature_11710,feature_11711,feature_11712,feature_11713,feature_11714,feature_11715,feature_11716,feature_11717,feature_11718,feature_11719,feature_11720,feature_11721,feature_11722,feature_11723,feature_11724,feature_11725,feature_11726,feature_11727,feature_11728,feature_11729,feature_11730,feature_11731,feature_11732,feature_11733,feature_11734,feature_11735,feature_11736,feature_11737,feature_11738,feature_11739,feature_11740,feature_11741,feature_11742,feature_11743,feature_11744,feature_11745,feature_11746,feature_11747,feature_11748,feature_11749,feature_11750,feature_11751,feature_11752,feature_11753,feature_11754,feature_11755,feature_11756,feature_11757,feature_11758,feature_11759,feature_11760,feature_11761,feature_11762,feature_11763,feature_11764,feature_11765,feature_11766,feature_11767,feature_11768,feature_11769,feature_11770,feature_11771,feature_11772,feature_11773,feature_11774,feature_11775,feature_11776,feature_11777,feature_11778,feature_11779,feature_11780,feature_11781,feature_11782,feature_11783,feature_11784,feature_11785,feature_11786,feature_11787,feature_11788,feature_11789,feature_11790,feature_11791,feature_11792,feature_11793,feature_11794,feature_11795,feature_11796,feature_11797,feature_11798,feature_11799,feature_11800,feature_11801,feature_11802,feature_11803,feature_11804,feature_11805,feature_11806,feature_11807,feature_11808,feature_11809,feature_11810,feature_11811,feature_11812,feature_11813,feature_11814,feature_11815,feature_11816,feature_11817,feature_11818,feature_11819,feature_11820,feature_11821,feature_11822,feature_11823,feature_11824,feature_11825,feature_11826,feature_11827,feature_11828,feature_11829,feature_11830,feature_11831,feature_11832,feature_11833,feature_11834,feature_11835,feature_11836,feature_11837,feature_11838,feature_11839,feature_11840,feature_11841,feature_11842,feature_11843,feature_11844,feature_11845,feature_11846,feature_11847,feature_11848,feature_11849,feature_11850,feature_11851,feature_11852,feature_11853,feature_11854,feature_11855,feature_11856,feature_11857,feature_11858,feature_11859,feature_11860,feature_11861,feature_11862,feature_11863,feature_11864,feature_11865,feature_11866,feature_11867,feature_11868,feature_11869,feature_11870,feature_11871,feature_11872,feature_11873,feature_11874,feature_11875,feature_11876,feature_11877,feature_11878,feature_11879,feature_11880,feature_11881,feature_11882,feature_11883,feature_11884,feature_11885,feature_11886,feature_11887,feature_11888,feature_11889,feature_11890,feature_11891,feature_11892,feature_11893,feature_11894,feature_11895,feature_11896,feature_11897,feature_11898,feature_11899,feature_11900,feature_11901,feature_11902,feature_11903,feature_11904,feature_11905,feature_11906,feature_11907,feature_11908,feature_11909,feature_11910,feature_11911,feature_11912,feature_11913,feature_11914,feature_11915,feature_11916,feature_11917,feature_11918,feature_11919,feature_11920,feature_11921,feature_11922,feature_11923,feature_11924,feature_11925,feature_11926,feature_11927,feature_11928,feature_11929,feature_11930,feature_11931,feature_11932,feature_11933,feature_11934,feature_11935,feature_11936,feature_11937,feature_11938,feature_11939,feature_11940,feature_11941,feature_11942,feature_11943,feature_11944,feature_11945,feature_11946,feature_11947,feature_11948,feature_11949,feature_11950,feature_11951,feature_11952,feature_11953,feature_11954,feature_11955,feature_11956,feature_11957,feature_11958,feature_11959,feature_11960,feature_11961,feature_11962,feature_11963,feature_11964,feature_11965,feature_11966,feature_11967,feature_11968,feature_11969,feature_11970,feature_11971,feature_11972,feature_11973,feature_11974,feature_11975,feature_11976,feature_11977,feature_11978,feature_11979,feature_11980,feature_11981,feature_11982,feature_11983,feature_11984,feature_11985,feature_11986,feature_11987,feature_11988,feature_11989,feature_11990,feature_11991,feature_11992,feature_11993,feature_11994,feature_11995,feature_11996,feature_11997,feature_11998,feature_11999,feature_12000,feature_12001,feature_12002,feature_12003,feature_12004,feature_12005,feature_12006,feature_12007,feature_12008,feature_12009,feature_12010,feature_12011,feature_12012,feature_12013,feature_12014,feature_12015,feature_12016,feature_12017,feature_12018,feature_12019,feature_12020,feature_12021,feature_12022,feature_12023,feature_12024,feature_12025,feature_12026,feature_12027,feature_12028,feature_12029,feature_12030,feature_12031,feature_12032,feature_12033,feature_12034,feature_12035,feature_12036,feature_12037,feature_12038,feature_12039,feature_12040,feature_12041,feature_12042,feature_12043,feature_12044,feature_12045,feature_12046,feature_12047,feature_12048,feature_12049,feature_12050,feature_12051,feature_12052,feature_12053,feature_12054,feature_12055,feature_12056,feature_12057,feature_12058,feature_12059,feature_12060,feature_12061,feature_12062,feature_12063,feature_12064,feature_12065,feature_12066,feature_12067,feature_12068,feature_12069,feature_12070,feature_12071,feature_12072,feature_12073,feature_12074,feature_12075,feature_12076,feature_12077,feature_12078,feature_12079,feature_12080,feature_12081,feature_12082,feature_12083,feature_12084,feature_12085,feature_12086,feature_12087,feature_12088,feature_12089,feature_12090,feature_12091,feature_12092,feature_12093,feature_12094,feature_12095,feature_12096,feature_12097,feature_12098,feature_12099,feature_12100,feature_12101,feature_12102,feature_12103,feature_12104,feature_12105,feature_12106,feature_12107,feature_12108,feature_12109,feature_12110,feature_12111,feature_12112,feature_12113,feature_12114,feature_12115,feature_12116,feature_12117,feature_12118,feature_12119,feature_12120,feature_12121,feature_12122,feature_12123,feature_12124,feature_12125,feature_12126,feature_12127,feature_12128,feature_12129,feature_12130,feature_12131,feature_12132,feature_12133,feature_12134,feature_12135,feature_12136,feature_12137,feature_12138,feature_12139,feature_12140,feature_12141,feature_12142,feature_12143,feature_12144,feature_12145,feature_12146,feature_12147,feature_12148,feature_12149,feature_12150,feature_12151,feature_12152,feature_12153,feature_12154,feature_12155,feature_12156,feature_12157,feature_12158,feature_12159,feature_12160,feature_12161,feature_12162,feature_12163,feature_12164,feature_12165,feature_12166,feature_12167,feature_12168,feature_12169,feature_12170,feature_12171,feature_12172,feature_12173,feature_12174,feature_12175,feature_12176,feature_12177,feature_12178,feature_12179,feature_12180,feature_12181,feature_12182,feature_12183,feature_12184,feature_12185,feature_12186,feature_12187,feature_12188,feature_12189,feature_12190,feature_12191,feature_12192,feature_12193,feature_12194,feature_12195,feature_12196,feature_12197,feature_12198,feature_12199,feature_12200,feature_12201,feature_12202,feature_12203,feature_12204,feature_12205,feature_12206,feature_12207,feature_12208,feature_12209,feature_12210,feature_12211,feature_12212,feature_12213,feature_12214,feature_12215,feature_12216,feature_12217,feature_12218,feature_12219,feature_12220,feature_12221,feature_12222,feature_12223,feature_12224,feature_12225,feature_12226,feature_12227,feature_12228,feature_12229,feature_12230,feature_12231,feature_12232,feature_12233,feature_12234,feature_12235,feature_12236,feature_12237,feature_12238,feature_12239,feature_12240,feature_12241,feature_12242,feature_12243,feature_12244,feature_12245,feature_12246,feature_12247,feature_12248,feature_12249,feature_12250,feature_12251,feature_12252,feature_12253,feature_12254,feature_12255,feature_12256,feature_12257,feature_12258,feature_12259,feature_12260,feature_12261,feature_12262,feature_12263,feature_12264,feature_12265,feature_12266,feature_12267,feature_12268,feature_12269,feature_12270,feature_12271,feature_12272,feature_12273,feature_12274,feature_12275,feature_12276,feature_12277,feature_12278,feature_12279,feature_12280,feature_12281,feature_12282,feature_12283,feature_12284,feature_12285,feature_12286,feature_12287,feature_12288,feature_12289,feature_12290,feature_12291,feature_12292,feature_12293,feature_12294,feature_12295,feature_12296,feature_12297,feature_12298,feature_12299,feature_12300,feature_12301,feature_12302,feature_12303,feature_12304,feature_12305,feature_12306,feature_12307,feature_12308,feature_12309,feature_12310,feature_12311,feature_12312,feature_12313,feature_12314,feature_12315,feature_12316,feature_12317,feature_12318,feature_12319,feature_12320,feature_12321,feature_12322,feature_12323,feature_12324,feature_12325,feature_12326,feature_12327,feature_12328,feature_12329,feature_12330,feature_12331,feature_12332,feature_12333,feature_12334,feature_12335,feature_12336,feature_12337,feature_12338,feature_12339,feature_12340,feature_12341,feature_12342,feature_12343,feature_12344,feature_12345,feature_12346,feature_12347,feature_12348,feature_12349,feature_12350,feature_12351,feature_12352,feature_12353,feature_12354,feature_12355,feature_12356,feature_12357,feature_12358,feature_12359,feature_12360,feature_12361,feature_12362,feature_12363,feature_12364,feature_12365,feature_12366,feature_12367,feature_12368,feature_12369,feature_12370,feature_12371,feature_12372,feature_12373,feature_12374,feature_12375,feature_12376,feature_12377,feature_12378,feature_12379,feature_12380,feature_12381,feature_12382,feature_12383,feature_12384,feature_12385,feature_12386,feature_12387,feature_12388,feature_12389,feature_12390,feature_12391,feature_12392,feature_12393,feature_12394,feature_12395,feature_12396,feature_12397,feature_12398,feature_12399,feature_12400,feature_12401,feature_12402,feature_12403,feature_12404,feature_12405,feature_12406,feature_12407,feature_12408,feature_12409,feature_12410,feature_12411,feature_12412,feature_12413,feature_12414,feature_12415,feature_12416,feature_12417,feature_12418,feature_12419,feature_12420,feature_12421,feature_12422,feature_12423,feature_12424,feature_12425,feature_12426,feature_12427,feature_12428,feature_12429,feature_12430,feature_12431,feature_12432,feature_12433,feature_12434,feature_12435,feature_12436,feature_12437,feature_12438,feature_12439,feature_12440,feature_12441,feature_12442,feature_12443,feature_12444,feature_12445,feature_12446,feature_12447,feature_12448,feature_12449,feature_12450,feature_12451,feature_12452,feature_12453,feature_12454,feature_12455,feature_12456,feature_12457,feature_12458,feature_12459,feature_12460,feature_12461,feature_12462,feature_12463,feature_12464,feature_12465,feature_12466,feature_12467,feature_12468,feature_12469,feature_12470,feature_12471,feature_12472,feature_12473,feature_12474,feature_12475,feature_12476,feature_12477,feature_12478,feature_12479,feature_12480,feature_12481,feature_12482,feature_12483,feature_12484,feature_12485,feature_12486,feature_12487,feature_12488,feature_12489,feature_12490,feature_12491,feature_12492,feature_12493,feature_12494,feature_12495,feature_12496,feature_12497,feature_12498,feature_12499,feature_12500,feature_12501,feature_12502,feature_12503,feature_12504,feature_12505,feature_12506,feature_12507,feature_12508,feature_12509,feature_12510,feature_12511,feature_12512,feature_12513,feature_12514,feature_12515,feature_12516,feature_12517,feature_12518,feature_12519,feature_12520,feature_12521,feature_12522,feature_12523,feature_12524,feature_12525,feature_12526,feature_12527,feature_12528,feature_12529,feature_12530,feature_12531,feature_12532,feature_12533,feature_12534,feature_12535,feature_12536,feature_12537,feature_12538,feature_12539,feature_12540,feature_12541,feature_12542,feature_12543,feature_12544,feature_12545,feature_12546,feature_12547,feature_12548,feature_12549,feature_12550,feature_12551,feature_12552,feature_12553,feature_12554,feature_12555,feature_12556,feature_12557,feature_12558,feature_12559,feature_12560,feature_12561,feature_12562,feature_12563,feature_12564,feature_12565,feature_12566,feature_12567,feature_12568,feature_12569,feature_12570,feature_12571,feature_12572,feature_12573,feature_12574,feature_12575,feature_12576,feature_12577,feature_12578,feature_12579,feature_12580,feature_12581,feature_12582,feature_12583,feature_12584,feature_12585,feature_12586,feature_12587,feature_12588,feature_12589,feature_12590,feature_12591,feature_12592,feature_12593,feature_12594,feature_12595,feature_12596,feature_12597,feature_12598,feature_12599,feature_12600,feature_12601,feature_12602,feature_12603,feature_12604,feature_12605,feature_12606,feature_12607,feature_12608,feature_12609,feature_12610,feature_12611,feature_12612,feature_12613,feature_12614,feature_12615,feature_12616,feature_12617,feature_12618,feature_12619,feature_12620,feature_12621,feature_12622,feature_12623,feature_12624,feature_12625,feature_12626,feature_12627,feature_12628,feature_12629,feature_12630,feature_12631,feature_12632,feature_12633,feature_12634,feature_12635,feature_12636,feature_12637,feature_12638,feature_12639,feature_12640,feature_12641,feature_12642,feature_12643,feature_12644,feature_12645,feature_12646,feature_12647,feature_12648,feature_12649,feature_12650,feature_12651,feature_12652,feature_12653,feature_12654,feature_12655,feature_12656,feature_12657,feature_12658,feature_12659,feature_12660,feature_12661,feature_12662,feature_12663,feature_12664,feature_12665,feature_12666,feature_12667,feature_12668,feature_12669,feature_12670,feature_12671,feature_12672,feature_12673,feature_12674,feature_12675,feature_12676,feature_12677,feature_12678,feature_12679,feature_12680,feature_12681,feature_12682,feature_12683,feature_12684,feature_12685,feature_12686,feature_12687,feature_12688,feature_12689,feature_12690,feature_12691,feature_12692,feature_12693,feature_12694,feature_12695,feature_12696,feature_12697,feature_12698,feature_12699,feature_12700,feature_12701,feature_12702,feature_12703,feature_12704,feature_12705,feature_12706,feature_12707,feature_12708,feature_12709,feature_12710,feature_12711,feature_12712,feature_12713,feature_12714,feature_12715,feature_12716,feature_12717,feature_12718,feature_12719,feature_12720,feature_12721,feature_12722,feature_12723,feature_12724,feature_12725,feature_12726,feature_12727,feature_12728,feature_12729,feature_12730,feature_12731,feature_12732,feature_12733,feature_12734,feature_12735,feature_12736,feature_12737,feature_12738,feature_12739,feature_12740,feature_12741,feature_12742,feature_12743,feature_12744,feature_12745,feature_12746,feature_12747,feature_12748,feature_12749,feature_12750,feature_12751,feature_12752,feature_12753,feature_12754,feature_12755,feature_12756,feature_12757,feature_12758,feature_12759,feature_12760,feature_12761,feature_12762,feature_12763,feature_12764,feature_12765,feature_12766,feature_12767,feature_12768,feature_12769,feature_12770,feature_12771,feature_12772,feature_12773,feature_12774,feature_12775,feature_12776,feature_12777,feature_12778,feature_12779,feature_12780,feature_12781,feature_12782,feature_12783,feature_12784,feature_12785,feature_12786,feature_12787,feature_12788,feature_12789,feature_12790,feature_12791,feature_12792,feature_12793,feature_12794,feature_12795,feature_12796,feature_12797,feature_12798,feature_12799,feature_12800,feature_12801,feature_12802,feature_12803,feature_12804,feature_12805,feature_12806,feature_12807,feature_12808,feature_12809,feature_12810,feature_12811,feature_12812,feature_12813,feature_12814,feature_12815,feature_12816,feature_12817,feature_12818,feature_12819,feature_12820,feature_12821,feature_12822,feature_12823,feature_12824,feature_12825,feature_12826,feature_12827,feature_12828,feature_12829,feature_12830,feature_12831,feature_12832,feature_12833,feature_12834,feature_12835,feature_12836,feature_12837,feature_12838,feature_12839,feature_12840,feature_12841,feature_12842,feature_12843,feature_12844,feature_12845,feature_12846,feature_12847,feature_12848,feature_12849,feature_12850,feature_12851,feature_12852,feature_12853,feature_12854,feature_12855,feature_12856,feature_12857,feature_12858,feature_12859,feature_12860,feature_12861,feature_12862,feature_12863,feature_12864,feature_12865,feature_12866,feature_12867,feature_12868,feature_12869,feature_12870,feature_12871,feature_12872,feature_12873,feature_12874,feature_12875,feature_12876,feature_12877,feature_12878,feature_12879,feature_12880,feature_12881,feature_12882,feature_12883,feature_12884,feature_12885,feature_12886,feature_12887,feature_12888,feature_12889,feature_12890,feature_12891,feature_12892,feature_12893,feature_12894,feature_12895,feature_12896,feature_12897,feature_12898,feature_12899,feature_12900,feature_12901,feature_12902,feature_12903,feature_12904,feature_12905,feature_12906,feature_12907,feature_12908,feature_12909,feature_12910,feature_12911,feature_12912,feature_12913,feature_12914,feature_12915,feature_12916,feature_12917,feature_12918,feature_12919,feature_12920,feature_12921,feature_12922,feature_12923,feature_12924,feature_12925,feature_12926,feature_12927,feature_12928,feature_12929,feature_12930,feature_12931,feature_12932,feature_12933,feature_12934,feature_12935,feature_12936,feature_12937,feature_12938,feature_12939,feature_12940,feature_12941,feature_12942,feature_12943,feature_12944,feature_12945,feature_12946,feature_12947,feature_12948,feature_12949,feature_12950,feature_12951,feature_12952,feature_12953,feature_12954,feature_12955,feature_12956,feature_12957,feature_12958,feature_12959,feature_12960,feature_12961,feature_12962,feature_12963,feature_12964,feature_12965,feature_12966,feature_12967,feature_12968,feature_12969,feature_12970,feature_12971,feature_12972,feature_12973,feature_12974,feature_12975,feature_12976,feature_12977,feature_12978,feature_12979,feature_12980,feature_12981,feature_12982,feature_12983,feature_12984,feature_12985,feature_12986,feature_12987,feature_12988,feature_12989,feature_12990,feature_12991,feature_12992,feature_12993,feature_12994,feature_12995,feature_12996,feature_12997,feature_12998,feature_12999
0.0016219338,0.018330509,0.019686587,0.018990194,0.019423228,0.019613916,0.018254966,0.016606007,0.019337527,0.020424811,0.014658963,0.0019088333,0.0187733,0.016885094,0.018628404,0.021470055,0.019835426,0.017527176,0.018870441,0.020521358,0.01897567,0.020636002,0.020695312,0.017997315,0.01848507,0.021132562,0.020372447,0.019313846,0.019132825,0.018458318,0.018166803,0.018911788,0.01906935,0.019950463,0.021807272,0.019223949,0.018332917,0.019796409,0.020203302,0.017645486,0.018087812,0.019366235,0.019612005,0.020143012,0.017370805,0.020061264,0.020371817,0.01708052,0.02133686,0.02006207,0.021309394,0.019925687,0.018702323,0.020359244,0.020169295,0.02128513,0.021516578,0.020567378,0.018737987,0.018064382,0.019954046,0.021547144,0.019344317,0.019667031,0.017704394,0.018989287,0.022118798,0.020545598,0.01932787,0.017916592,0.021151343,0.020058459,0.020481113,0.019870823,0.020702014,0.018381175,0.018579086,0.020053519,0.020612234,0.020460293,0.019801557,0.02071762,0.021255039,0.020914737,0.019428788,0.018365622,0.019751994,0.014567439,0.0019327664,0.0023971775,0.0031622057,0.00089126715,0.0008563074,0.0017941232,0.0027934378,0.0014005387,0.0042168517,0.004607556,0.006585165,0.008846153,0.00861736,0.0070896484,0.014963931,0.01663644,0.013836581,0.014355988,0.014732732,0.013993582,0.014755592,0.014887769,0.016178656,0.018125929,0.013968419,0.018104304,0.014215411,0.0092932405,0.018267253,0.020036517,0.018817706,0.018426372,0.018478757,0.017668718,0.015751127,0.017759891,0.01653353,0.0198947,0.017137296,0.01861173,0.016589222,0.017046517,0.017195627,0.01850311,0.016735816,0.016090028,0.017926628,0.017630382,0.018097581,0.018632032,0.015887333,0.016052485,0.015799036,0.020425888,0.017469645,0.016955035,0.016419005,0.017189145,0.016575105,0.015685044,0.016646326,0.01787695,0.018683508,0.019032735,0.01906887,0.015487128,0.019911276,0.0034399694,0.009694279,0.012026889,0.010879134,0.015674245,0.017754344,0.013320479,0.014834099,0.012221954,0.012871934,0.01640436,0.014154206,0.015290032,0.0140339285,0.016920043,0.015229336,0.0133807305,0.013860817,0.01451265,0.015321822,0.014620806,0.016034393,0.015568669,0.014192133,0.01416204,0.014096173,0.015568387,0.013474908,0.014997444,0.014824167,0.013058149,0.014171898,0.015884722,0.0148976855,0.012224354,0.016335616,0.014699547,0.016304776,0.013360336,0.015777033,0.014881763,0.016069539,0.013861033,0.015892375,0.014974641,0.015656235,0.015401312,0.017908257,0.01917421,0.018992066,0.020017797,0.019438965,0.018860415,0.018323112,0.01743686,0.017913768,0.017561441,0.017166121,0.017693626,0.017114561,0.017475223,0.01695006,0.017184565,0.017560076,0.017351113,0.018793665,0.018146325,0.017725887,0.016637566,0.016744712,0.017491145,0.01759617,0.020126216,0.01803805,0.018509218,0.017153513,0.019480232,0.017935948,0.017876673,0.015940227,0.016459415,0.019589301,0.01947052,0.018924922,0.016056687,0.016834991,0.01813157,0.015727874,0.016287599,0.01888042,0.01932484,0.018378815,0.018881034,0.018496769,0.02010571,0.018034087,0.017518032,0.018771702,0.017184155,0.017465785,0.019368747,0.018763741,0.018914253,0.020442901,0.019779868,0.017292887,0.018153865,0.018503983,0.016130792,0.01630228,0.017760232,0.01847668,0.018301051,0.016177481,0.017236734,0.017597048,0.01203969,0.0097528035,0.015774975,0.0013681318,0.012331988,0.012279223,0.016367637,0.01472721,0.016244516,0.015677232,0.017679961,0.014833784,0.01656079,0.014459756,0.013338288,0.014935555,0.017976003,0.015421757,0.014398403,0.015377111,0.0174432,0.016100422,0.014858882,0.0143281715,0.013796496,0.015670378,0.014130677,0.014786971,0.015485259,0.015979713,0.016751627,0.015087596,0.014951737,0.017828958,0.016360983,0.016724922,0.0137613565,0.014908083,0.0169703,0.01592322,0.017515032,0.016456962,0.015782053,0.016220685,0.013930037,0.0155939,0.013699532,0.016695464,0.015036258,0.019027514,0.012538379,0.013303023,0.014925006,0.016347766,0.0155344345,0.014194684,0.012304281,0.014717999,0.013712532,0.015572253,0.014646566,0.015909191,0.015553485,0.01407833,0.014274597,0.014967746,0.013602446,0.014290512,0.013869867,0.0149717415,0.0144451,0.016055316,0.015504866,0.017377142,0.015757214,0.015183421,0.012872973,0.015425162,0.014662096,0.014860887,0.01325657,0.010975055,0.010348785,0.00824669,0.0031470445,0.0023876738,0.0016403368,0.0016625933,0.0012370916,0.0016223714,0.0014066305,0.002320744,0.0024886562,0.0012558587,0.014439321,0.0153884115,0.017368317,0.017618934,0.015620635,0.01844003,0.015788788,0.0149942525,0.015225682,0.01484904,0.017397465,0.015656155,0.016996995,0.014433154,0.016335698,0.016263891,0.0106034195,0.009498952,0.009732688,0.010197022,0.010523613,0.007141621,0.009638788,0.00898828,0.011437854,0.00897484,0.011806011,0.008588273,0.01060151,0.010322974,0.009346676,0.011841401,0.010463495,0.009792456,0.010293724,0.008942388,0.008675013,0.008368926,0.008741351,0.009457461,0.0095186485,0.008898807,0.008582437,0.0074446546,0.00981447,0.009890334,0.010280661,0.011283052,0.0108823655,0.0075854296,0.010599124,0.009404129,0.010270996,0.009560417,0.009854642,0.009230765,0.008480587,0.008397587,0.011409585,0.007867291,0.009831631,0.010977945,0.010383524,0.011556484,0.008235697,0.010217941,0.011114157,0.009269106,0.0077167647,0.008871822,0.009677701,0.011069708,0.0106874565,0.0070498525,0.0105850715,0.008954244,0.009579338,0.0115911625,0.009893353,0.0105717825,0.009419548,0.008605553,0.009993558,0.009223102,0.010634773,0.0098672025,0.010349728,0.010224415,0.011067433,0.01088943,0.01095837,0.008842493,0.009349992,0.009757045,0.007635001,0.010553332,0.009655875,0.011922599,0.008678666,0.0087055145,0.01004665,0.010850285,0.011143313,0.009823429,0.009978728,0.007551474,0.009425131,0.010152719,0.008730451,0.00879358,0.008986531,0.010556747,0.010624784,0.009262461,0.0100222295,0.011169084,0.010115537,0.008516165,0.008193936,0.010558479,0.008751597,0.008761429,0.010289479,0.010576209,0.008428831,0.010159143,0.0067541753,0.009160584,0.009638826,0.011603013,0.009684439,0.0110787945,0.012398651,0.010890963,0.009093429,0.010557764,0.011525617,0.010960209,0.007868672,0.010960212,0.009172622,0.008001894,0.008271025,0.01224111,0.009166008,0.011643272,0.009400662,0.010199332,0.0103077665,0.00931154,0.011278649,0.008040425,0.011628441,0.009935043,0.010564054,0.009756144,0.009034056,0.010970548,0.011124858,0.008915622,0.009325743,0.011140637,0.010719568,0.011729678,0.00964988,0.009662617,0.011319155,0.009761051,0.0103033995,0.0077458234,0.009635761,0.012429888,0.00822664,0.008512485,0.008740962,0.009174785,0.011180117,0.00870102,0.009303697,0.0096235,0.009674941,0.009476808,0.011906316,0.00929241,0.008557839,0.010541794,0.010844233,0.006400584,0.0112277465,0.009742348,0.011343055,0.011411803,0.010128442,0.009154215,0.01129226,0.0072720535,0.0072201206,0.009388967,0.010112788,0.008217125,0.00975115,0.007808943,0.007906415,0.010977975,0.0109361345,0.009807414,0.011155082,0.011175516,0.008437744,0.010579625,0.009763324,0.008929185,0.010239183,0.009911568,0.009133962,0.010889045,0.01145873,0.00990609,0.010654581,0.009599749,0.012760595,0.008464624,0.008802971,0.01095901,0.012302014,0.009773747,0.011020309,0.009138893,0.009278994,0.009024213,0.011057177,0.009797539,0.012259339,0.0087224515,0.011837613,0.011422537,0.008853736,0.008621811,0.011501929,0.009832157,0.008914134,0.01097231,0.009807636,0.009628488,0.0097161485,0.010041276,0.010283847,0.011184603,0.0095208,0.008611529,0.0092970105,0.009708035,0.011144939,0.010990938,0.010940353,0.00939509,0.008356102,0.009648488,0.009112692,0.009082259,0.009928547,0.0103360815,0.009121528,0.009967219,0.010202776,0.011114516,0.009804956,0.00999894,0.010623494,0.010191364,0.01119282,0.018460982,0.0044801696,0.0054444866,0.006494375,0.006871381,0.0046281787,0.0058979164,0.0069912476,0.0057914564,0.004117844,0.006544614,0.0063827536,0.0067292824,0.0057098265,0.007731571,0.006925397,0.0058793756,0.00652622,0.005003966,0.008490571,0.008271828,0.008135233,0.008459446,0.0064105,0.0070539736,0.008991194,0.008258776,0.008821138,0.007505762,0.0073174983,0.007394466,0.0090864645,0.009104016,0.0076505295,0.0077289846,0.008459646,0.009019153,0.0072853076,0.00862761,0.007385445,0.009277372,0.010967757,0.009587911,0.00994188,0.008074602,0.008318242,0.009183773,0.011439902,0.008339407,0.0076593696,0.010204666,0.007969803,0.011008033,0.008236106,0.008873853,0.008472547,0.0076806545,0.008007388,0.008716384,0.0080914935,0.010389464,0.00760962,0.008817176,0.009457094,0.008370095,0.009029629,0.007478652,0.010798706,0.008248094,0.009259283,0.008346161,0.008430207,0.0063472833,0.00843045,0.008763601,0.0068129017,0.009053327,0.008939986,0.010308346,0.009229866,0.008770131,0.008780825,0.007008436,0.009379531,0.0076109148,0.0074151624,0.00947866,0.008935678,0.008953213,0.007994551,0.008974563,0.008355249,0.008047812,0.0070183803,0.008666961,0.008694588,0.0102814315,0.009120994,0.009487509,0.007839225,0.008653341,0.011824003,0.0096246395,0.008572467,0.007576016,0.0073670465,0.009972903,0.005546456,0.008692951,0.0087721655,0.009680641,0.007736446,0.010580695,0.003634392,0.007693374,0.00934526,0.008831857,0.009808347,0.007200937,0.0064604515,0.008709373,0.009990306,0.009470648,0.011032419,0.010148997,0.008647559,0.009580294,0.009809905,0.009722433,0.007563115,0.009578237,0.010849731,0.006960316,0.009520111,0.009085333,0.007563656,0.009615427,0.009660188,0.007733412,0.008653988,0.004947367,0.0084940335,0.0105962865,0.009578986,0.0074657723,0.009678286,0.008396075,0.0110207405,0.009152304,0.0072761145,0.008182312,0.0081014335,0.0076226136,0.010861104,0.008484702,0.008554023,0.009651363,0.008783067,0.007708415,0.01043694,0.009796577,0.008101384,0.010814256,0.008695882,0.0069588926,0.010666893,0.009590379,0.007873332,0.011579013,0.011055379,0.010329322,0.0081401365,0.010712775,0.0024396833,0.00194079,-0.00041241222,0.0011800394,0.0019936073,0.0019256482,0.005170709,0.0014451131,0.00032269224,0.0029702156,0.00073055,0.0021910009,0.0023472053,0.0022672554,0.0031207812,0.0008696198,0.001224294,8.295741e-06,0.0031233418,0.0036777237,0.0033879427,0.0032343345,0.0026671577,0.005158878,0.0001833527,0.0027587682,0.0032370083,0.0039665787,0.012518919,0.012380264,0.007785711,0.007995692,0.010798343,0.010398898,0.008024346,0.011147498,0.009591324,0.007009504,0.008196398,0.010102399,0.0071762567,0.008326092,0.009307856,0.010551896,0.014814583,0.016927687,0.017032696,0.014993359,0.017191771,0.016468765,0.01761675,0.017736359,0.016959857,0.01745825,0.016434235,0.013722194,0.017014602,0.01891144,0.017951505,0.016078742,0.01800043,0.014433238,0.015253839,0.015556877,0.019920897,0.017111946,0.016029535,0.015630955,0.0141689,0.017083762,-0.014599051,-0.009504379,0.015976496,0.015777558,0.015633667,0.016796093,0.017589621,0.017633757,0.018467993,0.015901595,-0.014889869,0.02000616,0.01937385,0.020679493,0.014082591,0.017840061,0.007345425,0.0066507002,0.0039363373,0.007262566,0.005740255,0.0041753864,0.0060939183,0.0045616156,0.0037850712,0.007329834,0.007273493,0.0052698464,0.0052862023,0.007990784,0.0058150482,0.0055169063,0.008872382,0.006585338,0.0058841016,0.0058849338,0.0043605785,0.0073479195,0.0074844332,0.007457633,0.007820212,0.0058459565,0.0057170684,0.006065581,0.00803281,0.00497189,0.007529595,0.007827097,0.0055669523,0.00398783,0.0049274405,0.004706011,0.007936207,0.0052286657,0.006677571,0.005606667,0.007620455,0.0063569634,0.0077949977,0.0058914884,0.007759892,0.0054111634,0.0066409456,0.007369553,0.02150603,0.019494943,0.020046815,0.01896078,0.021440823,0.021156916,0.021085598,0.016841946,0.018755205,0.02121254,0.020465584,0.022025833,0.020478139,0.020776741,0.021408262,0.021917257,0.023634275,0.02186813,0.019768758,0.022160135,0.020038456,0.01970846,0.019097565,0.020201344,0.021194087,0.019218713,0.02051943,0.019495437,0.019491928,0.020885149,0.020683557,0.019348478,0.018734558,0.01746195,0.01844799,0.018843165,0.020835033,0.01813149,0.019549275,0.018634187,0.02100656,0.018728124,0.019080117,0.01825854,0.018601574,0.018704617,0.0203376,0.017567096,0.020146053,0.019570893,0.019874416,0.017141111,0.019318419,0.014306215,0.015299553,0.01695042,0.017896453,0.016420068,0.015614917,0.017664313,0.010818377,0.0036896665,0.004720174,0.003334756,0.0023150586,0.018137641,0.019293683,0.019866733,0.018481698,0.019854544,0.017853102,0.019658769,0.018745478,0.021602677,0.018857952,0.01633382,0.020729706,0.017270492,0.018596422,0.01987865,0.017319117,0.018191976,0.019545449,0.0014103147,0.0023629968,0.0021173276,0.0015391832,0.0028623603,0.004014045,0.01297822,0.009458885,0.008112529,0.010468308,0.009999396,0.0009687553,0.0015528916,0.0010665538,0.0006512707,0.00087222253,0.0011889801,0.0019904408,0.0008196741,0.0006128577,0.0019400921,0.0009815193,0.004260337,-0.010669803,-0.01560876,-0.012264339,-0.010648263,-0.012679135,-0.012483381,-0.0136374375,-0.014042098,-0.012550508,0.003694822,0.005337588,0.0038757825,0.0042153425,0.00513162,-0.016542476,-0.015474712,-0.017238395,-0.017470535,-0.016221555,-0.013080823,-0.017234158,-0.018566139,-0.017401353,-0.016671494,-0.013014852,0.017246714,0.016470483,0.017332586,0.01708569,0.016841372,0.01764725,0.01536859,0.0219,0.018870234,0.021459786,0.02068248,0.020291014,0.020541813,0.020139467,0.021878242,0.022008726,0.018310267,0.02139662,0.021023134,0.019749874,0.021751154,0.017354771,0.019861504,0.020540375,0.019128654,0.018322576,0.021177217,0.021261219,0.020893892,0.01944451,0.02120899,0.021244604,0.018732833,0.02135522,0.02164403,0.022875328,0.018377014,0.019186733,0.020056473,0.021562586,0.022026477,0.023488505,0.022292325,0.019609455,0.024529412,0.024590302,0.020266142,0.019686999,0.020459857,0.022171078,0.02131596,0.021584446,0.02130545,0.02153792,0.022263614,0.022102842,0.021485748,0.020475281,0.020328423,0.022730447,0.020100383,0.01962798,0.020173857,0.019908754,0.02198425,0.022304334,0.020599889,0.020824905,0.018784465,0.021733433,0.020455498,0.0022367255,-0.0007568341,0.0032938046,-0.023601461,-0.019455539,0.0057362793,0.006855981,0.00518636,0.006530475,0.003396217,0.006667277,0.008148065,0.0061720856,0.0053671044,0.005953192,0.009312397,0.010928255,0.01060189,0.011284488,0.009887353,0.012195838,0.009415251,0.011850203,0.008969183,0.01018649,0.009875035,0.008626019,0.008550849,0.012927909,0.011024559,0.010191973,0.0092134625,0.011882058,0.010011772,-0.016247828,0.015089348,0.013219241,-0.018780954,-0.011046006,-0.015702417,-0.010943914,-0.012715678,-0.013103267,-0.015351203,-0.011510878,-0.015411838,-0.012381545,-0.01567378,-0.012870822,-0.012656623,-0.011976744,-0.011580747,-0.014484185,-0.013727273,-0.014014465,-0.0133559825,-0.0127322525,-0.014997313,-0.013481907,-0.012837404,-0.01204266,-0.012055845,-0.013164213,-0.014137776,-0.013323492,-0.014726462,-0.009876352,-0.013357406,-0.012057931,-0.014310053,-0.011590778,-0.0041639637,0.011812606,0.018808534,0.022358343,0.01961985,0.018890072,0.021473099,0.020191174,0.020324389,0.01914564,0.021187354,0.021415036,0.019956123,0.020078568,0.021806965,0.019398212,0.024149192,0.021126656,0.021196345,0.022541827,0.020967098,0.018338861,0.018545045,0.019830512,0.019888787,0.01851197,0.023006884,0.02222774,0.020080892,0.01991779,0.0213721,0.02062772,0.019827232,0.020395134,0.02080047,0.02080243,0.017858243,0.020185431,0.02115662,0.021421256,0.022324277,0.024278281,0.023223095,0.021715801,0.020480582,0.01942391,0.02089193,0.020661792,0.020130115,0.019779317,0.022050051,0.02223229,0.021275388,0.019484188,0.024298783,0.020407809,0.020986471,0.022714948,0.02090373,0.019653449,0.019796232,0.021095548,0.019291857,0.018584266,0.02136127,0.021059468,0.019480297,0.020991132,0.018727068,0.020079663,0.020827275,0.0198404,0.020116067,0.022387756,0.018893763,0.021583997,0.020847188,0.02272115,0.022256076,0.021324325,0.02146727,0.021741727,0.020437475,0.020361707,0.020521712,0.021997614,0.021692429,0.022217248,0.021676688,0.020112298,0.022657977,0.02198647,0.020389825,0.019192437,0.02128179,0.017979048,0.020460134,0.021276286,0.02104701,0.020137621,0.02009051,0.022930298,0.0144909145,0.015137984,0.014968901,0.016745774,0.013249491,0.016561894,0.017630247,0.01639706,0.017424218,0.01609464,0.016035765,0.014566951,0.013440573,0.015005236,0.01787457,0.014208781,0.015565964,0.014370593,0.014413836,0.017756196,0.014328295,0.013637586,0.016048593,0.015560714,0.014902597,0.016260857,0.015344829,0.014690633,0.014639478,0.015518789,0.014764611,0.015226013,0.017249038,0.0178106,0.015602586,0.016097909,0.015385595,0.016270857,0.015270344,0.017572166,0.014490135,0.016729847,0.013377379,0.013650684,0.015803428,0.016151754,0.014506151,0.015177401,0.01614605,0.017425608,0.017297141,0.013202009,0.015144936,0.014483416,0.018001737,0.016762894,0.0142014455,0.017824218,0.01620187,0.015955806,0.014695927,0.015711563,0.017293265,0.015556236,0.015934514,0.015050206,0.016208941,0.014901225,0.015861182,0.01600524,0.014326216,0.0121626975,0.01665037,0.015464891,0.017362019,0.014574203,0.016971579,0.016065296,0.016028097,0.016329644,0.016869767,0.016021362,0.01529551,0.015270218,0.014768672,0.012324554,0.014345333,0.013750594,0.012129533,0.012197074,0.012345352,0.0134127345,0.0128266215,0.012039251,0.015270567,0.013773849,0.013875925,0.01190725,0.013506792,0.013513788,0.012705639,0.013058044,0.011467839,0.012373422,0.01266116,0.0119045805,0.013459664,0.014940987,0.013290601,0.013498508,0.010476628,0.012319846,0.010698638,0.0108682215,0.013263685,0.0116553325,0.011539693,0.012845698,0.011563586,-0.012856952,-0.015017279,-0.013850914,-0.0151180485,-0.01479418,-0.014764233,-0.017077478,-0.014040906,-0.0153025,-0.0151737025,-0.014029357,-0.015482687,-0.017409744,-0.01579017,-0.016014893,-0.0144775,-0.015474619,-0.016879993,-0.013500344,-0.013652241,-0.014724998,-0.016005704,-0.014835025,-0.016073704,-0.015769683,-0.015632907,-0.01672834,-0.0146579025,-0.014644598,-0.01837961,-0.016946578,-0.01625775,-0.01567055,-0.012309743,-0.0133368885,-0.016754186,-0.016024655,-0.015867664,-0.015923752,-0.015744418,-0.014831337,-0.014128693,-0.014881027,-0.014487343,-0.013456817,-0.016378963,-0.014131913,-0.014876943,-0.015484567,-0.01462847,-0.015199508,-0.014574264,-0.013927413,-0.017361937,-0.015908426,-0.015460486,-0.015150826,-0.014647482,-0.014550724,-0.015188618,-0.015621469,-0.012803577,-0.0127067175,-0.015009175,-0.014910979,-0.0165619,-0.01667034,-0.016233642,-0.01692867,-0.016388828,-0.015990192,-0.016151464,-0.016197719,-0.017385425,-0.01390615,-0.014024489,-0.017880451,-0.012893548,-0.015924057,-0.014393876,-0.015695678,-0.016253624,-0.014828869,-0.013529396,-0.014421207,-0.0134710595,-0.015487399,-0.013576635,-0.01731428,-0.014738808,-0.01767688,-0.015495708,-0.015904874,-0.014524087,-0.014714072,-0.017049624,-0.015284046,-0.016093366,-0.015587359,-0.013277295,-0.012994898,-0.01570964,-0.015422006,-0.017859224,-0.01625167,-0.016019272,-0.01576256,-0.01796342,-0.01533488,-0.015624703,-0.0147684645,-0.016213533,-0.013501009,-0.014108911,-0.016779814,-0.015325773,-0.012109109,-0.018281702,-0.015238818,-0.016714524,-0.01670704,-0.018944934,-0.0173898,-0.01628492,-0.015741829,-0.013105469,-0.013396048,-0.013873606,-0.015397135,-0.0155907115,-0.015176317,-0.013238489,-0.015693188,-0.016870845,-0.014930137,-0.015352144,-0.014543083,-0.015108192,-0.015443891,-0.015267415,-0.015410687,-0.0140560055,-0.016023273,-0.017756633,-0.014268365,-0.014515846,-0.016164493,-0.013231351,-0.013190516,-0.016413698,-0.014073505,-0.017060336,-0.017902268,-0.016348828,-0.014487635,-0.013833418,-0.015857881,-0.01472478,-0.013332893,-0.014345198,-0.0160885,-0.01570661,-0.014978627,-0.016246328,-0.013781299,-0.015690632,-0.016606152,-0.017049348,-0.014300446,-0.016157001,-0.016935077,-0.015250936,-0.016419912,-0.012646878,-0.016214157,-0.013579822,-0.017889768,-0.014126772,-0.013873198,-0.0142827565,-0.014365342,-0.014585805,-0.018681845,-0.015438947,-0.014277171,-0.016616082,-0.014271493,-0.015936045,-0.015670352,-0.015257925,-0.016083127,-0.0166358,-0.016316086,-0.016300004,-0.015297602,-0.017650021,-0.014538899,-0.013997426,-0.0153537365,-0.015765857,-0.014743306,-0.014328067,-0.015194745,-0.016240308,-0.013400462,-0.016484195,-0.014209895,-0.01652367,-0.0141646145,-0.016016208,-0.014803246,-0.015878653,-0.015511497,-0.015280413,-0.01705181,-0.013761952,-0.015168331,-0.015946003,-0.014073375,-0.016203053,-0.01546615,-0.015154805,-0.015658397,-0.01364411,-0.01670172,-0.016979005,-0.014605269,-0.016330414,-0.014562238,-0.014101882,-0.017621668,-0.015807407,-0.014259194,-0.015450901,-0.0161134,-0.016096942,-0.013450761,-0.01445948,-0.014932176,-0.016390042,-0.017594852,-0.015537293,-0.01738145,-0.018162118,-0.015951876,-0.01624447,-0.013942959,-0.015992945,-0.014092122,-0.014716331,-0.014864378,-0.016818546,-0.0127366325,-0.014918773,-0.015264118,-0.015540187,-0.016179943,-0.01610415,-0.01354498,-0.017963208,-0.015998878,-0.015632149,-0.015438361,-0.015666079,-0.016397154,-0.014309745,-0.015365421,-0.014960328,-0.018487465,-0.018283725,-0.014375035,-0.01510878,-0.015916787,-0.015116304,-0.015924154,-0.017709175,-0.0148926135,-0.014160718,-0.015485684,-0.014227266,-0.015870983,-0.016464056,-0.013087501,-0.015770974,-0.014901486,-0.015154956,-0.016064163,-0.016064342,-0.013082766,-0.014293553,-0.01596013,-0.012438838,-0.016491072,-0.016803874,-0.01565473,-0.014551919,-0.014709732,-0.014844728,-0.016425401,-0.013186095,-0.015199743,-0.017190987,-0.01695326,-0.017746596,-0.016664721,-0.015591157,-0.0151809305,-0.01421367,-0.014004476,-0.01610453,-0.016895818,-0.015884452,-0.014194289,-0.017019738,-0.013468703,-0.015893066,-0.016143382,0.006211436,-0.018392717,-0.019481955,-0.017683033,-0.018911414,-0.016653324,-0.016026814,-0.018726774,-0.01922363,-0.020868111,-0.0139224995,-0.018829018,-0.018028481,-0.017918304,-0.020990837,-0.02002251,-0.0182738,-0.01988028,-0.0178702,-0.018455759,-0.019017413,-0.019427856,-0.018333858,-0.017461997,-0.018710263,-0.019078307,-0.016986959,-0.015671171,-0.019533454,-0.01786696,-0.019154591,-0.019340232,-0.020106789,-0.017958442,-0.019322138,-0.019723617,0.010485086,0.0083362395,0.0053883186,0.0075529194,0.010028288,0.0029708564,-0.000931282,-0.0017446936,-0.0027749175,0.004156345,0.00499059,0.002973269,0.0040367986,0.0024426898,-0.012844586,-0.013771996,-0.014866314,-0.01166252,-0.011038734,-0.013742469,-0.014037766,-0.011891231,-0.013019626,-0.012700532,-0.013697955,-0.012883492,-0.013005787,-0.012928707,-0.012880077,0.01255884,0.011986181,0.014110799,0.0129115395,0.014210893,0.013223471,0.01340733,0.014792117,0.0126380045,0.013124738,0.013037897,0.01305604,0.013231398,0.013689223,0.012623604,0.014358033,0.012295872,0.012735362,0.013603187,0.0123276785,0.012549357,0.012882527,0.012365837,0.012024715,0.011775021,0.014937311,0.013870716,0.012742948,0.01199327,0.013943285,0.010670217,0.011001073,0.015271661,0.012457004,0.012715383,0.013827909,0.013423312,0.0037601988,0.0013742364,0.00035187622,0.0031347815,0.0042461734,0.0013069492,0.0015426441,0.002080069,7.284817e-05,0.005477139,0.014175453,0.012691919,0.015823705,0.014848458,0.01645646,0.014943264,0.015144679,-0.002292467,-0.00203702,0.015733806,0.01744636,0.01806479,0.015564624,0.00034658564,-0.0029577373,0.0004878332,-0.0003694933,-0.00041483343,-0.00054872624,-0.0015354819,-0.0016999485,-0.0017763528,-0.00049857335,0.0011828309,0.013740832,-0.019965146,-0.017544024,-0.019827647,-0.02028937,-0.020329252,-0.016822381,-0.017456712,-0.020922672,-0.01842924,-0.017893512,-0.017574027,-0.018680416,-0.017298026,-0.018940672,-0.017487537,-0.01998207,-0.018972265,-0.017910015,-0.020017784,-0.0187893,-0.019295517,-0.016933404,-0.018804232,-0.019073473,-0.018049806,-0.018120017,-0.018938512,-0.018144324,-0.021447027,-0.01856437,-0.01923993,-0.017063541,-0.019476313,-0.019091021,-0.019872358,-0.020420806,-0.017526196,-0.020474827,-0.01761146,-0.019467479,-0.017059762,-0.01983709,-0.019367399,-0.01697322,-0.020396905,-0.020575946,-0.017946782,-0.019427147,-0.018024664,-0.01854888,-0.017614065,-0.01706211,-0.018904498,-0.018448317,-0.019466689,-0.018677585,-0.01899415,-0.0169458,-0.01956249,-0.018574515,-0.019223142,-0.019004567,-0.017579518,-0.017802795,-0.0138726765,-0.012796649,0.0030512554,0.00046770248,0.00024528624,0.00029268314,0.0018171006,0.0013947984,0.0019539876,0.0015104327,0.001595006,0.0015070888,0.00045987547,0.0015881058,0.0034621146,-0.0011233018,-0.0005525955,0.000426837,0.00085892284,0.00047188683,6.02709e-05,0.0014378197,0.0010828584,0.0030272761,0.0016004659,0.0025578204,-0.0027801301,0.0003701566,0.00021624264,0.0009641019,0.0035717296,-0.00026845786,0.0020484298,0.001780159,-3.2401662e-05,-0.00040730706,0.0011115825,0.00095260196,0.0007922978,-0.0010735905,-0.0014371594,0.0008113245,0.01534946,0.012936412,0.015242895,0.014569037,0.015993632,0.015059228,0.01405736,0.015010196,0.013177905,0.014306079,0.016010556,0.013966258,0.0146673415,0.017115567,0.014937222,0.013710786,0.017005058,0.0130206095,0.01443536,0.013504874,0.016125642,0.016457347,0.015477839,0.0149475755,0.0153875165,-0.004739775,0.009652094,0.010342051,0.008070102,0.0072154664,0.008307798,0.008881346,0.007984231,0.0077692103,0.0073815035,0.00983532,0.009052682,0.008665283,0.009647674,0.009530856,0.007446134,0.008673605,0.010592067,0.009210752,0.009929461,0.010037359,0.010364875,0.008419232,0.012423318,0.013091038,0.01194309,0.004411399,0.007806746,0.0075817634,-0.021946862,-0.020189214,-0.01921548,0.017781751,0.012657299,0.011077674,0.012463031,0.01319747,0.011798318,0.00957902,0.012863541,0.010788498,0.012805072,0.011235995,0.012058242,0.008617495,0.019840987,0.019489003,-0.019407304,-0.016771048,-0.017620608,-0.018214706,-0.017867489,-0.018964594,-0.017558055,-0.01800455,-0.018135415,-0.018942196,-0.017996894,-0.017102543,-0.018893795,-0.015644792,-0.019129613,-0.017845783,-0.017812984,-0.021067744,-0.017661002,-0.018639063,-0.016456764,-0.018748458,-0.017903386,-0.018919548,-0.019019322,-0.019278819,-0.018586757,-0.019121384,-0.018604074,-0.017407088,-0.019191435,-0.017336985,-0.017977461,-0.019035362,-0.01815336,-0.019389113,-0.01833537,-0.017443892,-0.020888127,-0.019401949,-0.01715919,-0.019469393,-0.019082166,-0.01902225,-0.017903475,-0.018688537,-0.017218716,-0.018193875,-0.018289365,-0.017844843,-0.017447682,-0.017624877,-0.017877853,-0.01949885,-0.01970777,-0.017059388,-0.018276066,-0.017639283,-0.017220268,-0.018324146,-0.018031001,-0.017918022,-0.01720941,-0.01946812,-0.018606804,-0.019846385,-0.020156184,-0.019270808,-0.016998854,-0.018097816,-0.018837404,-0.018921766,-0.022148449,-0.0191199,-0.018171337,-0.018432226,-0.019334394,-0.019179853,-0.01925513,-0.018300707,-0.01553051,-0.017299535,-0.02078906,-0.019461328,-0.020151136,-0.016305607,-0.017200362,-0.01915776,-0.016995579,-0.019663488,-0.017879399,-0.018574098,-0.019561507,-0.017672483,-0.017186461,-0.020558648,-0.020350827,-0.019538362,-0.018637497,-0.019580306,-0.017972138,-0.019221125,-0.018565267,-0.018691834,-0.017182875,-0.02000664,-0.0159211,-0.019319674,-0.018565834,-0.019197455,-0.017998636,-0.015631547,-0.019892048,-0.018527163,-0.017480211,-0.017017156,-0.0175685,-0.019751959,-0.01922567,-0.019400638,-0.018896386,-0.01916184,-0.019421782,-0.019294584,-0.02071411,-0.02068364,-0.019211743,-0.019594243,-0.017076217,-0.017789822,-0.018787406,-0.018880872,-0.019828161,-0.019644286,-0.017581448,-0.017837284,-0.019018851,-0.016941844,-0.017132437,-0.018173678,-0.017621383,-0.016935784,-0.018063175,-0.021813408,-0.02015867,-0.019430723,-0.019076059,-0.01995784,-0.019332437,-0.019008184,-0.018112605,-0.019262707,-0.016136575,-0.01700305,-0.016836653,-0.019287208,-0.01773964,-0.01933137,-0.01889475,-0.017700767,-0.01878719,-0.017984658,-0.018093668,-0.01763924,-0.0182106,-0.018315129,-0.01730752,-0.016558534,-0.017611137,-0.018667411,-0.01935827,-0.018620826,-0.018131252,-0.019816166,-0.018022085,-0.017909653,-0.021136733,-0.01964234,-0.017035048,-0.02062593,-0.018462567,-0.01732987,-0.020466795,-0.020769393,-0.016988138,-0.01720709,-0.019120459,-0.01777746,-0.018764388,-0.019225925,-0.01790024,-0.01703348,-0.019551558,-0.020178659,-0.017077064,-0.018903278,-0.017330833,-0.019924758,-0.016888421,-0.018334297,-0.01739305,-0.016425455,-0.0181571,-0.017170833,-0.021498417,-0.018267596,-0.01792722,-0.018988572,-0.017539589,-0.016905515,-0.01778417,-0.01857311,-0.018210825,-0.017813966,-0.017870177,-0.017696233,-0.0176987,-0.017422752,-0.019569593,-0.020400658,-0.017534439,-0.019912042,-0.019251756,-0.019183094,-0.018413432,-0.018425815,-0.0176228,-0.015685018,-0.015001782,-0.018716509,0.014840853,0.015064898,0.0131180845,0.0097061,0.010110522,0.011742972,0.012616688,0.009568933,0.01292605,-0.010391918,0.010979997,0.009642596,0.009002574,0.008575731,0.008064352,0.010069327,0.010205447,0.008779269,0.008029448,0.010364111,0.008132891,0.0098796915,0.008946195,0.00894842,0.008851629,0.0064833243,0.006364311,0.0098218955,0.006918309,0.009107105,0.009900988,0.0079226475,0.009711537,0.0077814735,0.009095428,0.008851925,0.007021763,0.006156084,0.009070159,0.008010098,0.008411431,0.0106944,0.010109904,0.009604682,0.008252621,0.007533795,0.0093873385,0.009938365,0.009582102,0.00988126,0.0077490117,0.008944912,0.0100866305,0.00948264,0.007720345,0.012908082,0.015616791,0.011701401,0.013858785,0.0146215195,0.0134158665,0.013964768,0.013690641,0.014186861,0.012970804,0.012591242,0.013129201,0.014395171,0.015046379,0.013057152,-0.024722407,-0.022705067,-0.019263802,-0.02070866,-0.021460619,-0.02029019,-0.023375932,-0.02255624,-0.021571752,-0.0222924,-0.02007348,-0.023642639,-0.021186711,-0.022371994,-0.021522045,-0.019585483,-0.021226846,-0.019870024,-0.019865068,-0.0211131,-0.023560043,-0.023397885,-0.022069082,-0.020182313,-0.021188328,-0.021716842,-0.019970257,-0.020689286,-0.021221975,-0.022731408,-0.019899568,-0.02184023,-0.021117898,-0.020963553,-0.019658701,-0.023226611,-0.021278035,-0.021547472,-0.02159059,-0.022766083,-0.024334127,-0.020461509,-0.019253867,-0.020608142,-0.022131462,-0.019243646,-0.02182873,-0.021304213,-0.020039726,-0.02001113,-0.023388425,-0.023000937,-0.020672457,-0.020274414,-0.020723013,-0.020473007,-0.024167895,-0.020675572,-0.022348387,-0.02248377,-0.021695707,-0.021079857,-0.02002195,-0.01947072,-0.02160896,-0.0213805,-0.023868412,-0.022331566,-0.02135861,-0.022053815,-0.01940996,-0.020985823,-0.022335947,-0.021619605,-0.022322984,-0.020619787,-0.020691318,-0.022397432,-0.023696644,-0.019643111,-0.02281973,-0.023461638,-0.022444244,-0.019057851,-0.022766722,-0.022182789,-0.022827033,-0.022251617,-0.021998,-0.021526681,-0.019774495,-0.022151534,-0.02150377,-0.022553448,-0.022437721,-0.02171246,-0.01978194,-0.020211855,-0.020363893,-0.020705622,-0.019109381,-0.022536524,-0.020889238,-0.02167728,-0.021328285,-0.021815617,-0.023423152,-0.022890767,-0.022310862,-0.022768924,-0.02135318,-0.019607037,-0.022614244,-0.020974005,-0.023027899,-0.020884093,-0.021993551,-0.021130204,-0.022095451,-0.020623915,-0.022469666,-0.022518344,-0.022535734,-0.021535033,-0.022067117,-0.020916108,-0.019331802,-0.020209093,-0.021909457,-0.022032639,-0.023072666,-0.023602437,-0.022307983,-0.020968642,-0.021467501,-0.021006955,-0.022458302,-0.022998583,-0.020939095,-0.021995975,-0.021597626,-0.024101617,-0.021028617,-0.022125026,-0.020422978,-0.022417054,-0.02014137,-0.01985198,-0.020098874,-0.01872278,-0.019610045,-0.021754613,-0.02304736,-0.023164973,-0.020481208,-0.020734085,-0.021249924,-0.020759895,-0.019956347,0.016704133,0.020035373,0.019436281,0.018915692,0.017628659,0.015203914,0.017863328,0.017292473,0.018784799,0.018466556,0.019349098,0.017816458,0.0055662384,0.0068198005,0.0058660368,0.00509333,0.0047701644,0.006176924,-0.0018414491,0.0041502295,0.0065950644,0.0062429877,0.005307396,0.007979623,0.009221607,0.006541097,0.00722048,0.0050919894,0.004575387,0.0069611855,0.004906269,0.00448558,0.004113474,0.0077500613,0.008680407,0.010625851,0.008831921,0.008653639,0.011182086,0.0073359483,0.0072690784,0.009733056,0.007827925,0.008225357,0.008684455,0.0076254774,0.010028923,0.01079574,0.008920772,0.007355413,0.005309257,0.00842893,0.008856484,0.0087020155,0.007907867,0.008496677,0.0064342595,0.010712397,0.009472252,0.009713557,0.007843235,0.007629516,0.0078602685,0.009118549,0.008357428,0.007006115,0.008784433,0.008224298,0.009310059,0.0077204,0.0077723376,0.009676743,0.00935083,0.00714746,0.007546495,0.009183504,0.0076418477,0.007146337,0.00938315,0.00785132,0.009045443,0.0103407,0.009586846,0.007437492,0.009311142,0.007150154,0.008687814,0.008039179,0.00816851,0.0076441932,0.0076043787,0.010404567,0.009335709,0.0038644685,0.008956263,0.0073829223,0.0059071667,0.011654802,0.008641668,0.0078903325,0.009497712,0.0059604086,0.007372609,0.0059219026,0.007556077,0.007556987,0.009437922,0.006821171,0.0069803884,0.008004061,0.010258824,0.00892046,0.0082602175,-0.004487361,-0.004928694,-0.0019913092,-0.0045772456,-0.0034237208,-0.003401457,-0.0026246305,-0.0018222195,-0.0020612623,-0.0040511973,-0.0023227267,-0.0037537531,-0.0051930663,-0.0021137148,-0.0029348547,-0.0043354435,-0.0016339789,-0.0055698077,-0.0029993914,-0.0054476685,-0.0023516444,-0.0029740336,-0.003604143,-0.0022608554,-0.0046176678,-0.001805613,-0.003494884,-0.0028493528,-0.0019902634,-0.0038151068,-0.0033554288,-0.0008860679,-0.0046354225,-0.004115046,-0.004227617,-0.0034571418,-0.0036433488,-0.0021824131,-0.003043376,0.013947471,0.013917603,0.015223961,0.012817873,0.010612027,0.015542587,0.015092742,0.013812814,0.014090584,0.013858333,0.01561913,0.013291347,0.017263329,0.013141986,0.014016957,0.014318254,0.0036433332,0.0021319997,0.015674688,0.015243345,0.017677411,0.01389416,0.016913595,0.016894514,0.016260754,0.014508325,0.013464459,0.018537555,0.016861677,0.01824523,0.0027394583,0.0039417003,0.001295689,0.0015458893,0.0012769516,0.00045397918,0.00055223884,0.00013485987,-0.002660725,-0.0013825255,-0.0009557763,0.002092229,0.0017793354,0.0011802391,0.0017069792,-0.000687741,-0.0014645843,0.0014826935,0.0022293963,-0.0003124839,0.00087832636,0.0008945122,-0.00018812748,0.0013075501,0.00022236888,0.0018347168,7.674729e-05,0.0013864093,0.0040572123,-0.0009687461,0.0013529217,0.0013882716,0.00056176627,0.0011857008,-0.00011932027,0.0006024637,0.00093397195,0.0012454465,-0.00016688579,-5.4176737e-05,-0.00056111417,-0.0029311003,0.0049642962,0.0071894517,0.013920548,0.013727798,0.012689742,0.015499935,0.012353476,0.014080586,0.013054386,0.014563088,0.014000236,0.014927215,0.01362435,0.015468302,0.015841858,0.014473375,0.016712055,0.014439342,0.012024836,0.013483393,0.01465067,0.012908997,0.012206674,0.013784543,0.013562913,0.0135822315,0.012469833,0.01303785,0.012784929,0.014517346,0.013807765,0.013986685,0.014657765,0.013921991,0.011533576,0.015570256,0.013393094,0.014803638,0.013219795,-0.0028523488,-0.0015420537,0.007788334,0.0071832747,0.002746239,0.007241585,0.00574074,0.008468201,0.004732181,0.007687907,0.005327053,0.008096186,0.007402105,0.006171205,0.007419914,0.006267678,0.0065334034,0.005407558,0.0069163926,0.00633834,0.0064975675,0.0066623306,0.007341801,0.0068627945,0.007949785,0.004493008,0.006590802,0.006744651,-0.003333845,0.0020270837,0.0022972594,0.001210045,0.0005978789,0.00046728057,-0.0020130968,-0.0021940158,-6.386263e-05,-0.0024430512,-0.002547376,-0.0020769993,0.015053364,0.015001513,0.016463106,0.018003307,0.016090086,0.015620326,0.015054132,0.01695589,0.01644139,0.016393607,0.017449724,0.01679659,0.016380893,0.017803354,0.014947888,0.01658009,0.015903307,0.015617948,0.01595385,0.015799444,0.016685735,0.014315756,0.015764927,0.01753012,0.017639535,0.016686896,0.015532453,0.016775742,0.017364834,0.016620586,0.017406348,0.016741231,0.014955795,0.017885549,0.014029127,0.018314695,0.015060843,0.014612531,0.015611246,0.017107481,0.01564513,0.0161016,0.01666326,0.017058378,0.017050583,0.015935676,0.016223056,0.01629735,0.014235112,0.017604223,0.017949222,0.01610481,0.017389296,0.016554153,0.014715197,0.017958617,0.017645271,0.017729556,0.018092772,0.016235378,0.015368895,0.017842222,0.017156692,0.016244017,0.016887464,0.014715138,0.005708921,0.00848262,0.0070667923,0.0071714935,0.0037871818,0.0046473597,0.003991644,0.0027745608,0.0021455137,0.00090376375,0.0031389752,0.00084442826,0.00046605465,0.00077921007,0.0016310475,0.0022566263,0.0012707443,-0.0018602595,0.000648038,-0.0002503982,0.0026961346,0.001156309,-1.1805194e-05,-1.8779212e-05,0.0014814511,0.0023891034,0.00038996557,0.0021365664,0.0014830242,0.0023136272,0.0007514453,-0.0010022245,-0.0019327559,-0.00046425618,-0.0026131235,-0.0037628433,-0.00182835,-0.0015019146,-0.002681845,-0.0025067434,-0.0013408635,-0.0014729317,0.00086559675,-0.0025326447,-0.0019019436,-0.00017569803,-0.000435962,-0.0018233331,-7.689006e-05,-0.00094475097,-0.0030611486,0.0011325052,0.00035603912,-0.0014141924,-0.0005027782,-0.0013724163,-0.0020065247,-0.0031975314,-0.00063022674,-0.0018460847,-0.0017969992,0.00074505305,-0.0037282829,-0.0017429407,-0.002385485,-0.00086051656,-0.0023364476,-0.0007659861,-0.0023290804,-0.002460758,-0.0031682912,-0.0016071475,-0.00032909366,0.00038399402,-0.0029300626,-0.0026253187,-5.2034855e-05,-0.0018987056,-0.001491712,-0.0011723263,-0.003431069,-0.00032351605,-0.0012140142,-0.0018730529,-0.0017252652,-0.0010365522,-0.0021265778,0.00037797372,-0.0018423375,-0.0026904135,-0.0017689415,0.018588165,0.017711472,0.016173828,0.01855006,0.017014952,0.018981222,0.016709732,0.015786394,0.017885676,0.018456973,0.018091856,0.016939988,0.0014444869,-0.008330645,-0.012965353,-0.0005172275,-0.0007734323,0.0018875644,-0.005006236,0.00270197,-0.0041692834,0.00032981444,0.0012841951,-0.011152886,0.0045109275,-0.00178209,0.0042548794,0.0037585266,-0.0065226275,-0.0048813005,-0.01165461,0.003469653,-0.0074455035,-0.003381542,0.005141221,0.00087584107,-0.00047207053,0.005343696,0.007048085,-0.0047025965,-0.0049636937,-0.006419252,-0.014153429,-0.010677005,-0.0140651995,-0.00863235,-0.0048497715,-0.007825635,-0.0069238935,-0.0030788085,-0.011030304,-0.0018886437,-0.0023328464,-0.011257114,-0.011035179,-0.002461834,-0.0038467043,0.001768125,-0.004711671,-0.0018924003,-0.013861692,-0.0018568096,-0.007855817,0.0030221264,0.0017985427,-0.013304184,-0.009494089,-0.0019334519,-0.007961682,-0.0016456709,-0.0051312405,-0.0024150182,-0.001452776,-0.0084070405,-0.005514065,0.0015507155,-0.0067473496,0.0015882987,-0.009279582,-0.004121761,0.0019866838,-0.004875481,-0.012562209,0.0013210959,-0.01421349,-0.0001137114,-0.001314595,-0.008874003,-0.012725055,-0.009757289,0.0037807906,-0.0016617369,0.008284487,0.004368321,0.0015074924,-0.012093413,-0.00454884,0.0003842514,-0.015561484,-0.0058159684,-0.007901042,-0.004232934,-0.0067137224,-0.012965751,-0.006340552,-0.0121023115,-0.0035022767,-0.010659966,-0.0045713484,-0.0044894684,-0.004783917,-0.0033896822,-0.0043952013,-0.0038799632,-0.01363185,-0.0046211495,2.1210295e-05,-0.0043930216,0.0025074247,0.0016484536,-0.010692844,-0.0048007276,-0.0051926565,-0.0022837182,0.0066176318,0.0011527506,0.0038350935,-0.011581971,-0.003913127,-0.005544522,-0.00088336616,-0.0076026176,-0.010582007,-0.00401134,-0.010991564,-0.009760948,-0.010364334,-0.007638169,-0.00079903373,-0.012319575,-0.0028402177,0.007657381,-0.0027509658,-0.0038913246,0.003510843,0.002376579,-0.009971256,-0.0083033545,-0.0035619747,-0.0001069204,-0.010366833,0.0011595242,-0.0047537405,-0.0027521062,-0.014354236,-0.0078370115,-0.0022593427,-0.0057958355,-0.012043474,-0.0022484025,-0.007267839,-0.008016946,-0.00085770094,0.005917855,-0.001721542,-0.015742984,-0.003235076,-0.0057721455,-0.009337693,-0.0036773502,-0.0021210043,-0.013813855,-0.003020616,-0.0034135072,0.0041127116,-0.0068701017,-0.003928038,0.0010925957,-0.0064350083,-0.0058025825,-0.008276908,-0.0047213864,0.0048524574,0.00168543,-0.011548017,-0.0047362377,-0.004753832,-0.014303127,0.002300479,-0.010214106,0.0036348207,-0.0070336233,-0.0065171015,-0.0021702407,0.0005851387,0.0012745529,-0.0025963136,-0.0035477625,-0.0040587364,-0.0043685907,0.0013818227,-0.002351925,-0.0050709597,-0.007824423,-0.007945931,-0.0062941867,-0.0057204324,-0.008851826,-0.0032862711,-0.0022957576,-0.006857185,-0.010301962,0.0036956829,-0.0077090724,0.002969425,-0.0011835035,-0.00579358,-0.00952258,-0.007566793,-0.007415773,0.003590583,-0.010762227,0.0009462548,-0.0022302938,-0.0044442085,0.003816422,-0.008894438,-0.0021102156,-0.0015523549,-0.002740167,0.005903541,0.0006799599,0.0007141925,0.0043810313,-0.00563702,0.002157363,-1.164183e-05,0.0017714507,-0.013017529,0.0019991267,0.00054804387,-0.01047149,-0.017047824,-0.0097909365,0.00557617,-0.011467478,-0.00540064,-0.00040852776,0.008530169,-0.0054668873,-0.00082224,-0.0052851443,-0.005347309,0.003823341,-0.007018787,0.00039294016,0.002272427,-0.006325932,-0.00040301488,-0.013575124,0.002637744,0.0018700066,-0.0041765496,-0.007407004,-0.002589048,-0.0094067035,-0.010415243,-0.0073123313,0.0035141003,0.004770053,-0.005244431,-0.008487394,-0.0040073455,-0.009466351,-0.0101880655,-0.007763,-0.0044204225,-0.0054855975,-0.0030192495,-0.0077843997,-0.0024868436,-0.00097361155,-0.004331128,0.003113882,-0.0072625475,-0.0012366938,-0.012658888,-0.012346171,-0.0071856156,-0.012050625,0.0013953533,-0.011924533,-0.0054104323,-0.004334202,0.0034731985,-0.0034265479,-0.008620594,-0.009193688,-0.008392649,-0.0038625137,0.00011264382,-0.0017351011,0.0010476756,-0.013110312,-0.0111066615,-0.0073165204,-0.0071351333,-0.0030009435,-0.009374704,-0.0095959995,0.0020737755,-0.007208414,-0.0029595848,-0.009111856,-0.0026464236,-0.006864112,-0.009118083,0.005813051,-0.0077076806,-0.0054261955,0.0010086647,0.003598413,-0.009488601,0.0028314432,-0.0040805656,-0.0069481763,-0.0018813469,0.002775037,-0.009718317,-0.0020861654,0.0002216128,-0.002095508,-0.009810729,-0.001031129,-0.003772653,-0.005642201,-0.0066709183,-0.0031395864,-0.00022163,-0.008546636,-0.008089992,-0.011121494,-0.012430608,-0.010244964,-0.011841507,-0.0037684543,-0.0021414217,-0.0032081963,-0.0017568906,-0.0047211964,0.0050155157,0.0004992663,-0.017359124,-0.0020752924,-0.015179767,-0.0026575816,-0.003480403,-0.007326817,-0.0051672566,0.00237069,-0.013308727,0.0018745273,-0.0021573438,-0.003922121,0.0056600054,0.0035332704,0.0031660802,6.7472094e-05,-0.00395352,-0.007285385,-0.00022892737,-0.005236598,-0.011217288,-0.009364124,-0.008159381,0.0006129325,-0.003110585,-0.0017414594,-0.0010318832,0.0028446203,-0.012644231,-0.00011223875,-0.0024892911,-0.00551343,0.0016902479,-0.011416014,-0.0050517228,-0.0046062223,-0.002942256,-0.0077279015,-0.009163899,-0.00026061363,-0.005464316,-0.0021438543,0.003404325,-0.008738939,0.002619696,-0.009991399,-0.0053217555,-0.006389656,-0.0024925738,-0.0017994767,-0.011246418,-0.005061128,-0.0009250063,-0.0018580165,-0.0057172184,-0.005002469,-0.0023944385,0.00048796055,0.0026339092,0.00022657536,-0.00704535,-0.0048653996,-0.017305164,-0.0055653118,-0.0017118282,-0.0052135135,0.0024333226,-0.0031167814,-0.0066513494,-0.0018661366,-0.0022947614,-0.005390674,-0.004713903,-0.011503302,-0.0058083357,0.0021511891,-0.007680425,-0.0015926983,-0.009975097,-0.008658837,-0.0020890401,-0.007446886,-0.0023428402,-0.011525088,0.0044993768,-0.0024346688,-0.00043745738,-0.0129248295,-0.0030964771,-0.012006435,0.0016531601,-0.006633201,0.0030343528,-0.0071645835,0.00041200971,-0.00595713,-0.011272986,-0.0035924593,-0.0058379914,-8.131463e-05,0.0048064403,-0.0067879935,-0.00819245,-0.0030213748,-0.0073684724,-0.0012521956,-0.0062279096,-0.009611281,-0.009071938,0.004093677,-0.007773107,0.0061027776,-0.012056407,-0.011973219,-0.0027073603,-0.003960746,-0.010304382,-0.0042100446,0.0012221939,-0.003637738,-0.0072526904,-0.012541268,-0.007191613,-0.003386384,-0.0031352243,-0.013550533,-0.010093844,-0.007958956,0.00250719,-0.0005467116,-0.00770691,0.001698337,-0.0053323735,-0.0069682333,0.0020045484,-0.009558979,-0.011190395,-0.0018957736,-0.0038809027,-0.004872738,0.005814856,0.003527781,-0.014851143,-0.00547683,-0.008046762,-0.0050182436,-0.00590371,0.00031307142,-0.007476877,-0.011454434,-0.005735671,-0.00059138477,-0.014880572,-0.005832821,-0.0013043496,-0.004029327,-0.0017823372,-0.00847044,-0.01132634,0.0053219707,0.002282109,-0.0046033403,-0.0026781873,-0.0010512872,0.0024730498,0.003121899,-0.0059217643,-0.01179527,-0.0032927142,-0.0011452559,0.0031557588,-0.006894283,-0.003379387,0.004042763,-0.006384484,-0.0013566322,-0.002855359,0.007119456,-0.00888564,-0.011722833,-0.01227938,-0.0007706065,-0.0029692345,-0.006822902,-0.006679253,-0.006482838,-0.007153832,-0.007682672,-0.00883725,-0.0071949125,-0.008192722,-0.00632646,-0.0004985108,-0.00732721,-0.0070924554,0.004223501,-0.012518903,-0.0077622747,-0.003881962,-0.0035776247,-0.0061832373,-0.004393587,0.0005412899,-0.009640911,-0.0047702393,-0.012767021,0.001684548,0.002665094,-0.0040811845,-0.0012251603,-0.010519174,-0.001766108,0.0026062457,-0.00312455,-0.011196747,-0.0053183055,-0.0066158525,-0.00730005,0.007212712,-0.0031632716,-0.004254359,-0.016415138,-0.002539276,-0.0031554585,-0.0065139695,0.00023816041,-0.0009975896,-0.0015837868,0.0009849457,-0.013669058,0.00051504135,-0.0046962723,-0.00071348425,-0.00091070303,-0.006582411,-0.0014889673,-0.0040395684,-0.01072105,-0.004926794,-0.00043206886,0.0023561409,-0.010274846,-0.015178588,0.0026541357,-0.0076096407,-0.0025050885,-0.006758551,0.00045832607,-9.239086e-06,-0.007939793,-0.0063992506,-0.00041574458,-0.009871851,-0.004237997,-0.005204219,-0.0072081923,-0.0028417658,-0.009611026,-0.011690496,-0.010896845,-0.009810412,-0.012010756,-0.009989537,-0.00775715,-0.0043158676,-0.006284383,-0.013254089,-0.00012635997,-0.0070739584,-0.009290809,-0.0016542174,0.0020470684,-0.006839082,-0.0037720555,-0.008638698,-0.011153846,-0.00963452,-0.0074489363,-0.009712633,-0.0034693773,-0.004212067,-0.0012169435,0.0030808558,0.0017274837,0.0030455985,-0.009704404,-0.0019367597,-0.008558379,-0.0036619173,-0.0066019185,-0.0065066353,-0.0021938812,-0.0022557743,-0.0065424074,-0.005694951,-0.00096371525,0.0064232745,-0.0036358244,0.003302779,-0.00043355286,-0.001794162,-0.006657662,0.0055386717,-0.004009816,-0.0009479277,-0.0064685945,-0.00025348173,-0.0098982705,-0.00059127796,-0.0073004267,-0.009845705,-0.00777817,-0.009697608,-0.0070614778,-0.007659339,-0.0015125811,-0.0075017535,-0.0035086782,0.0016284828,-0.0016720365,-0.007136646,-0.003808777,-0.0018965016,0.002915237,-0.006429148,-0.009950021,-0.0019745578,-0.0070147617,0.0016045285,-0.011308039,-0.0031683445,0.0015541238,-0.006838496,-0.007472238,-0.0068878457,-0.0067814332,-0.012552285,0.0069629336,-0.0033862104,-0.0015546868,-0.0043905294,-0.0056595495,-0.007368102,-0.0056850356,-0.0011142656,-0.012164695,-0.002532465,-0.010291994,-0.007883754,-0.0041730646,-0.0034274696,-0.008749013,-0.003520126,-0.0025733775,-0.006401821,-0.00938913,-0.010025544,-0.012302176,-0.0073876227,-0.009203755,-0.0011959857,-0.00027855884,-0.0061660553,-0.0076643103,-0.008991411,-0.010974089,-0.007975094,-0.011586169,0.00026145845,-0.0033341744,-0.0041279485,0.002876817,-0.0022127398,-0.002669105,-0.007434745,-0.00024906595,-0.00084889785,-0.001559783,0.0021576101,-0.0040781214,-0.0065020826,-0.0047965315,0.00086127763,-0.0012017454,-0.0023020366,-0.0043377527,-0.0130000785,-0.0011212892,-0.0038973002,-0.001063599,-0.0018063257,-0.0025446087,-0.010094686,-0.012119477,0.00022560285,-0.004739053,-0.0074298955,-0.007142075,-0.014034151,-0.009376673,-0.014818604,-0.00603117,-0.0072231754,-3.892613e-05,0.0016820293,-0.0052031195,0.0010034383,-0.0040868386,-0.011911684,0.0019831287,-0.00651321,-0.00023691612,-0.0070459903,0.0015254889,-0.00040037674,-0.007014168,0.0011802777,-0.014660139,-0.0037080436,-0.007081375,-0.0075923367,0.0006779829,-0.005400639,-0.009448285,-0.0044706697,-0.010573267,-0.003411982,-0.0022305327,-0.0065355995,-0.0073356014,-0.0072949445,-0.010976939,-0.00062179164,0.008521302,-0.00094544794,-0.0016325149,-0.011702933,-0.009469275,-0.0047046286,-0.015841816,-0.0071856603,-0.0038030988,-0.01571791,-0.0016887531,-0.0032108445,0.0037728325,0.0023481126,-0.002066832,-0.0033975525,-0.009724481,-0.004605297,-0.0026906836,-0.012022541,-0.0073424,-0.0051076883,-0.014052322,-0.0038465455,-0.015253293,-0.008312063,-0.0054983455,0.002223963,-0.0035392256,-0.0063013155,0.00043461146,-0.0045428737,-0.0014595143,-0.0050240415,-0.004524423,-0.0019916191,-0.0058976007,-0.006191825,-0.0125969155,0.006411364,-0.011161831,-0.009563033,-0.002986906,-0.0053602364,-0.0072843153,-0.010691938,-0.00049093016,-0.009646952,-0.011236235,-0.00832275,-0.009268228,-0.0047642165,-0.0037882957,-0.008983502,-0.0013185771,-0.008988235,-0.011895307,-0.01895037,-0.008870971,-0.009543144,-0.0008693981,-0.013445211,-0.007125298,-0.007993233,-0.000949389,-0.0025347546,-0.0022696417,-0.0006074184,-0.006778614,-0.007158327,-0.011271223,-0.003928417,-0.010262536,-0.020201007,-0.012566889,-0.0049865786,-0.0038419098,-0.002287909,0.0012730351,-0.009596121,-0.0024654954,-0.0068114675,-0.0053421357,-0.0056080706,-0.0033473265,0.00069440197,-0.0043831836,-0.00020061589,-0.006238832,-0.014496126,-0.00087130145,-0.0023230712,-0.0075822645,-0.0075935894,-0.010777069,-0.0079967,-0.00071881595,-0.0022978105,0.0007299723,-0.0075393054,-0.015054131,-0.0091992915,-0.016206572,-0.002008613,-0.010555311,0.0004053462,-0.009251952,-0.012279557,-0.0029552123,-0.007054115,-0.0031363678,-0.004225841,-0.013075933,-0.0050593875,-0.009582879,-0.002725329,-0.005150623,-0.00030100692,-0.0027504712,-0.0058326577,-0.00043817936,-0.0110283615,-0.007106404,-0.003758874,0.0026592778,-0.011005071,0.0037491128,-0.00031325358,-0.0043292665,-0.006090696,-0.0015670833,-0.0013074009,-0.011271029,-0.01050032,-0.005074718,-0.01072692,-0.0040936787,-0.004758739,-0.0033277336,-0.00452463,-0.004623346,-0.013393197,-0.0058146385,-0.008878881,-0.0005719232,-0.009379787,-0.0023028762,-0.009166918,-0.010472158,-0.0033209324,-0.006759187,0.0057567144,-0.0061291475,-0.006463276,-0.0038714686,-0.01213582,-0.0020094577,-0.0029944445,-0.011397183,-0.003394095,-0.007948789,-0.0029632493,-0.0077632805,-0.008067882,-0.007872615,0.00043164028,-0.009914325,-0.0027921693,-0.003986419,-0.005126015,-0.013364284,-0.011694518,-0.008022541,0.004507933,-0.007526675,-0.002458297,-0.009827765,-0.005581874,-0.0026142746,-0.005759077,-0.0081547415,-0.006170852,-0.0057967296,-0.0073256237,-0.009122152,-0.0033792227,-0.007430987,-0.007692555,-0.008801889,-0.011241946,-0.010208826,0.0024757595,-0.009806025,-0.0106659755,0.00036470656,-0.013568509,0.000257661,-0.0035913312,-0.009539937,-0.0049127513,-0.011929607,-0.002476478,0.0030905497,-0.0026012307,0.001344725,-0.014370034,0.00094303436,0.00097653305,-0.007470618,-0.0056495974,-0.0029775072,0.009991818,-0.00034978145,-0.0028626453,-0.0089898575,-0.0131423725,-0.006394048,-0.004503694,-0.0067027425,-0.005574798,-0.004581285,-0.008328991,-0.006938168,-0.009800637,-0.008696895,-0.001670915,-0.012820997,-0.0048852437,-0.0053042276,-0.0013010704,-0.001761706,0.003391519,-0.008378886,-0.004497372,-0.0031187073,-0.005470518,-0.011999524,-0.0057365475,-0.0026690427,-0.008589663,-0.0070493794,-0.014733707,-0.007872976,-0.0019729366,-0.0017142933,0.0014902141,0.0009653976,-0.004547744,-0.0012553671,0.0064220964,-9.919982e-05,-0.008715958,-0.0070045316,-0.0063035497,-0.0064348904,-0.010251472,-0.009654459,-0.0043135583,-0.005541531,0.0019402979,-0.0170253,-0.009737076,-0.008569113,-0.009761117,-0.007589131,0.00085747754,-0.011542014,0.000542347,-0.012757916,-0.0020170454,-0.0014277591,-0.004390124,-0.0038631496,-0.0076268716,-0.0016541466,-0.00030764335,-0.00251711,-0.0017999305,0.0036280348,-0.0011528688,-0.007337934,-0.00088474987,-0.008417036,-0.008174086,-0.009037445,-0.00044255817,-0.003264485,-0.007044969,-0.0016539755,-0.006271042,-0.015853273,-0.007285007,-0.0083295405,-0.01072035,-0.005925756,-0.0058695152,-0.0056420993,-0.005052476,-0.003641986,-0.0017939485,-0.002286319,-0.0021754222,-0.012109896,-0.007076475,-0.011050686,-0.0025275883,0.00573971,0.0009408713,-0.00033883777,-0.0062917243,-0.008611715,-0.005621811,-0.013342512,-0.005236616,-0.011237396,-0.0010783874,-0.008201827,0.00019774082,-0.00063486554,-0.0009857082,0.00025683924,-0.0032226853,-0.003142651,-0.002381239,-0.0024523882,-0.0007405993,-0.0014520776,-0.0016187903,-0.0023416216,-0.000720122,0.0027205597,-0.005218425,-0.01421593,-0.0040235976,-0.002958519,-0.00019858513,-0.018700475,-0.013621731,-0.0020602383,0.00060812075,-0.0050903847,-0.009952477,-0.0037513534,-0.003718102,-0.005488017,-0.012384965,-0.0053703436,-0.0025069914,-0.003628202,-0.005468258,-0.0044030636,-0.008739179,0.0012866185,0.00020794515,-0.008044364,-0.005123878,-0.011437329,-0.0038369799,-0.009748403,-0.01187031,0.00027410503,-0.0108445035,-0.01017417,-0.0036800003,0.0048858584,0.0019227631,-0.004876296,0.0013675776,-0.0089523345,-0.006505172,-0.0019631498,-0.0048662606,-0.008877878,-0.0033205473,-0.00054995687,-0.005252428,0.003198566,-0.012851772,-0.0027467832,-0.0023029593,-0.004794896,0.000120012555,-0.0016867986,-0.008987551,-0.0023064201,0.0010589735,0.005465229,-0.0059222314,0.0042962544,-0.0012458931,-0.0052657295,-0.002240562,-0.007510926,-0.0059893904,-0.00479843,-0.009426377,-0.0040570716,-0.01020763,-0.0056265504,-0.0053111697,-0.0044797948,-0.0024750468,-0.0051893634,-0.011695653,-0.01036945,-0.010657965,-0.0015840996,-5.1252453e-05,-0.0077331043,-0.010405007,-0.008737511,-0.0024584401,-0.00026203966,-0.0014732605,-0.0068444028,-0.0032631224,0.00041184784,-0.006041197,-0.008367689,-0.008608884,-0.0043364093,-0.0072651976,-0.016698826,-0.0050483677,-0.011032158,-0.0035875114,-0.004676677,-0.002880178,-0.0023872864,-0.0022977698,-0.003307394,-0.00603539,-0.006750686,-0.008335883,-0.007087292,0.003764059,-0.011678036,-0.0071260724,-0.010964872,0.005955326,-0.009201913,-0.0057424353,-0.013155581,-0.0021639173,0.00056526676,-0.0014585193,-0.008674363,-0.0023282906,-0.0037395654,-0.008687464,-0.008401205,-0.0046082917,-0.003989379,-0.010189541,-0.004172479,-0.0037077116,-0.0049550384,-0.0046746535,-0.0035475895,-0.014388914,-0.0054494524,-0.0065929145,-0.00012387664,-0.001491415,-0.0012548661,-0.0015501371,-0.001705364,-0.005379978,-0.015588635,-0.005088032,0.0012264187,-0.00733328,-0.00608446,0.004332269,-0.018202491,-0.0031727436,-0.01135077,-0.014614272,-0.0047855843,-0.0077084396,-0.0008974686,-0.0054433206,-0.008574576,-0.006794922,-0.008410889,-0.008285072,-0.0073535442,-0.00820554,-0.0055699996,-0.0040300395,-0.0022214362,-0.0078041055,-0.00017614059,-0.0067339954,-0.00059760455,-0.00821434,-0.0070118993,-0.006471648,-0.0014474898,-0.010464012,-0.0115154,0.00017232553,-0.015653381,-0.0074949074,-0.0049383105,-0.008509539,-0.0006253131,-0.0018739481,-0.005281046,-0.0075493846,-0.0010803217,-0.005272781,-0.00094285497,-0.0016677382,-0.007590791,-0.00806286,-0.010288101,-0.007972004,-0.002134729,-0.005828129,-0.0059330557,-0.0028276346,-0.0014035675,-0.0077318735,-0.0045519383,-0.0033699288,-0.0024245752,-0.0046248413,-0.0012271286,-0.0056894566,-0.0024838385,-0.006825826,-0.008027111,-0.008234096,-0.014177378,-0.009553184,-0.002987582,-0.0065387217,-0.0040706038,-0.0066418685,-0.009162223,-0.001782395,-0.0025464955,-0.0005303988,-0.0077772,-0.008356674,0.0017781418,-0.008638714,-0.01563988,-0.0036773991,-0.0048297546,-0.008275156,-0.012937674,-0.010297392,-0.0007075023,-0.0019858705,-0.010422976,-0.0063575967,-0.009308671,-0.006877326,-0.014635317,-0.00413503,-0.0061701764,-0.006969101,-0.010690385,-0.008220777,-0.012081188,-0.0015642563,-0.003107078,0.003049023,-0.009528652,-2.1520476e-05,-0.0012938515,-0.0017204513,-0.0079778675,0.00016544558,-0.011818298,-0.0076749953,-0.0053842794,-0.0039925487,-0.0029992212,0.0051646978,-0.011483644,-0.00618823,-0.016141234,-0.008945902,-0.009894169,0.0008035427,-0.0037936268,-0.017588038,-0.0067464844,-0.0051572723,-0.0066218157,-0.009276984,0.001290078,-0.0009918207,-0.0103861615,-0.009491608,-0.009643577,-0.008686784,0.0006461185,-0.003046946,0.0066694687,0.0052784313,-0.0071579795,-0.004225016,-0.005442933,-0.0023592007,-0.0074003125,-0.005469946,-0.011323563,0.00578477,0.0036500967,-0.008489498,-0.0026672927,-0.0030985277,-0.0018919167,-0.008014224,-0.0009061976,-0.009784395,-0.00870137,-0.0066385474,-0.00094344077,-0.009697516,-0.012338246,-0.0045510028,-0.0062747,-0.009508101,-0.011704872,-0.0074573345,-0.0115784295,-0.009624926,0.0045814207,-0.010052002,-0.008548717,-0.0030397326,-0.0045484216,-0.007511813,-0.002368908,-0.009873597,-0.007714975,-0.0062262868,0.009350422,-0.007232657,0.0008344277,-0.008967987,-0.002711316,-0.006965672,0.0009929854,-0.0027624927,-0.003317365,-0.0068815458,-0.0028638837,-0.010867931,-0.018233139,9.5823605e-05,-0.0047893347,-0.0038584913,0.00081768376,-0.00636765,-0.008842043,-0.0002893405,-0.006797721,-0.012691544,-0.0052873427,-0.003051204,-0.00077573926,-0.0031440968,-0.0063060396,-0.008316314,0.007561717,-0.018864809,-0.0009115514,0.00091012206,-0.011471798,-0.0063174567,-0.011330203,-0.002961634,-0.0029847082,-0.012921304,0.0026353982,-0.0022121384,-0.011259525,-0.0059541916,0.0011684994,-0.0034167445,-0.012228417,-0.009218824,-0.0016369941,-0.0036438159,-0.006465199,-0.0041285506,-0.0025075169,-0.01143176,-0.0006707607,-0.016014768,-0.004916823,-0.0035943773,-0.0049080923,-0.005444267,-0.007177918,-0.004332376,-0.008673242,-0.003924303,-0.0054032174,-0.008938786,-0.014881939,0.010065491,-0.014440923,0.0014724354,-0.0046711457,-0.0007005111,-0.009949841,-0.009567119,-0.012120182,-0.006495686,-0.0013382889,-0.002649283,-0.00886554,-0.0027464319,-0.004641967,0.0011504489,6.383584e-05,-0.008097805,0.0016382032,-0.00592913,-0.004773931,-0.007235726,-0.011386989,-0.013527291,-0.0042626946,-0.00876636,-0.00021554713,-0.0033261916,-0.012704185,-0.0064382697,-0.005599873,-0.008229856,-0.005169718,-0.0114501575,-0.009957579,-0.008395511,-0.009391503,0.0055273897,-0.011156646,-0.004730905,-0.012406877,-0.010134168,-0.0113272825,-0.0005350858,-0.0042319363,-0.01053446,-0.010324694,-0.009104688,-0.013456106,-0.009565792,-0.009153633,-0.0089018615,0.002303729,5.8518643e-05,0.00078617356,0.0013761587,0.002552638,-0.0049054776,-0.005529461,-0.001214366,0.0047309436,-0.0059681837,-0.010513787,-0.008998077,0.0057542827,-0.0077828914,-0.0052393684,-0.0033443999,0.0009653762,-0.012338552,0.00010574915,-0.010630682,0.012243421,-0.007232092,-0.0052550826,-0.0072064563,-0.0074731032,-0.0076029208,-0.010932733,-0.007027267,-0.012190595,-0.009643916,-0.010465582,-0.0040035406,-0.0004966733,-0.012679502,-0.011980971,-0.009874672,-0.006448086,-0.008299754,0.0044715316,-0.006410868,-0.007399758,0.0042951275,0.0068255113,0.00018669161,-0.008854845,-0.0054710684,-0.007356471,-0.01638757,-0.010270147,-0.012635844,0.0030541567,-0.0042691473,-0.0134662455,-0.008115903,-0.0023495595,-0.006372608,-0.0037274226,-0.005628355,-0.014979418,-0.011566175,-0.009946675,-0.0010624477,-0.0063808514,-0.0017987906,-0.0046410663,-0.007886024,-0.009680654,-0.004705812,-0.005447969,-0.011870985,-0.014252575,-0.011165868,-0.0037794362,-0.012175842,-0.003453725,-0.014658241,-0.008231728,0.0035350367,-0.0043064477,-0.0034278133,-0.012420868,-0.0043553137,0.002724946,0.0021827475,-0.0052352315,0.0026922373,-0.00042653547,-0.013705299,-0.0024273696,-0.0029097307,-0.0067557367,-0.0029559499,-0.009297301,-0.009249346,-0.006237436,-0.0059743016,-0.007868305,-0.0039002516,-0.0054980107,-0.0019304098,-0.0055428934,-0.006986081,-0.011771832,-0.011115669,-0.009769197,-0.006465976,-0.009692436,-0.0009960125,-0.010144144,-0.008689644,-0.01318103,-0.008426055,-0.004440906,-0.008109495,-0.0036526956,-0.00907105,-0.007837801,-0.0071311872,-0.010654306,-0.0064835898,-0.006119408,-0.0032253023,0.0029293234,-0.00080566335,0.0005144349,-0.0050397287,-0.006065801,-0.01291807,-0.0037197284,-0.012125163,-0.0041898396,-0.0043244907,0.0036029897,0.0074794744,-0.006493404,-0.0047404617,-0.0014407741,-0.0063628242,-0.01163227,-0.012413415,-0.005216098,-0.012452205,-0.013861699,-0.0045869285,-0.0036300756,-0.010077617,-0.003624897,-0.010208744,-0.0009767535,0.00055341667,-0.0057702246,-0.0028045126,-0.00058526976,-0.0042030104,-0.0039301114,-0.0034781145,-0.0014102554,-0.0026670157,-0.009949031,-0.0073332824,-0.0036152909,-0.0043388237,0.0022004324,-0.011059632,-0.00781469,-0.0030608948,-0.0069586337,-0.008507204,-0.00872276,-0.005412098,-0.002488554,-0.005791336,0.00045426958,0.0010343019,-0.0027293859,-0.006369503,-0.006744695,-0.011397083,-0.0014937419,-0.0028649317,-0.007262562,-0.0053343764,-0.0010444851,-0.010013152,-0.0040750806,-0.004859164,-0.0043011536,0.00090842764,-0.007850275,-0.0060065575,-0.007306137,-0.0015778624,0.00142078,-0.004292,-0.0029723844,-0.007828087,-0.0077079805,-0.004644944,-0.00145782,-0.0029881052,0.0016149472,-0.008265197,0.00030411818,-0.008064471,-0.004389612,-0.0015543962,0.0008348419,0.005921528,0.001730826,-0.0032492173,0.00012093682,-0.00980185,0.008697014,0.009187939,-0.0037254249,-0.007308448,-0.008297653,-0.005722556,-0.003774982,-0.0043672514,-0.0051645623,0.008513905,-0.006118014,-0.0069863517,-0.0039028602,-0.009591642,-0.0015316539,0.00023295538,0.0006942358,-0.005244832,0.0035399927,-0.0066737984,-0.0028055815,-0.007481019,-0.0063858926,-0.0019040969,-0.010914467,-0.0124959415,-0.0003542719,-0.0068580694,-0.0083984975,-0.0040271333,-0.008362273,-0.0040501654,0.0016261204,-0.0057567195,-0.010189543,-0.011462271,-0.0064123534,-0.0074787885,-0.0053610443,-0.004651922,-0.00067510386,0.00067627017,-0.006783665,-0.008156969,-0.0065902,-0.0039351024,-0.009874722,-0.00744946,-0.009391849,-0.00161529,-0.0060704136,-0.0058596605,0.0008412701,0.004659471,-0.0030506402,-0.011496778,-0.006495644,0.0005438709,0.0035656646,-0.003727343,-0.0058065457,-0.0030289534,-0.009629939,-0.0100691095,0.004479508,-0.008157199,-0.0084185,-0.013515578,-0.013924676,-0.0057458347,-0.007798124,-0.0059079537,-0.006586135,-0.008008432,-0.00051232096,-0.00090965786,-0.0051242127,-0.0052497936,-0.009297515,-0.0054443255,-0.0022630098,0.0030322094,0.0008819986,0.0006888816,-0.0012075844,-0.01043119,-0.0043670493,-0.014364984,-0.0011594617,-0.00066149194,-0.006231125,0.005732684,-0.0035552292,-0.0033121526,-0.004079743,-4.075061e-05,0.00018546106,-0.0075242273,-0.005296638,-0.004807347,-0.0024199903,-0.0030085654,-0.004114636,-0.0072162356,-0.010118179,-0.008554248,-0.0039910562,-0.010559615,-0.009914304,-0.008546674,0.0012418233,-0.01971772,-0.0027064353,-0.0014019124,-0.0064907935,-0.0001087665,-0.009784961,-0.004374499,0.005188968,-0.009399942,-0.0043525174,-0.012896307,0.00348744,0.0030438278,-0.0050840536,-0.0024191078,-0.010813095,-0.0071212016,-0.009429252,-0.0029625378,-0.0046411366,-0.0029424918,-0.001869035,-0.0023797841,-0.005473398,-0.0071611516,-0.010534959,-0.008916996,-0.006704392,-0.013171247,-0.0034660532,0.0040151007,-0.011746361,-0.0032986915,-0.0067569544,-0.006201417,-0.008373338,-0.0044760765,-0.005087327,-0.0029560223,-0.0075599314,-0.005525407,-0.010338131,0.0002294825,-0.0019345873,-0.0071278955,0.0005242794,0.0008570975,-0.009379685,-0.0063832714,-0.0049010403,-0.010095322,-0.003743103,-0.00043802074,-0.007200681,9.131487e-06,-0.007660841,-0.004796729,-0.0011090963,-0.0056733084,0.0023068304,-0.008448749,-0.0067578186,-0.008409471,-0.007928344,-0.010499671,0.0040509496,-0.00468483,-0.0050796466,-0.0018958912,-0.010180158,0.0021756054,-0.003115113,-0.013913368,-0.010810293,-0.0041747573,-0.0039584497,0.0018632448,-0.006113673,-0.009711778,-0.0021300656,-0.008677623,-0.011114253,-0.0055192364,-0.00744592,-0.0068573146,-0.004461264,0.0042351508,-0.002785103,-0.0010785764,-0.01211852,-0.005719849,-0.008393214,-0.00874969,-0.0044873157,-0.008629381,-0.0057467595,-0.0068591693,-0.0061913487,-0.006063445,-0.0055062003,-0.0076020537,-0.004661602,-0.010180499,-0.012920377,-0.018783117,-0.0045121456,-0.009869966,-3.5907044e-05,-0.006785368,-0.0060779206,-0.0070639644,-0.0048975046,-0.0028730559,-0.003333027,-0.0007954926,-1.506448e-05,-0.007839514,-0.008690657,-0.004475502,-0.0064284434,-0.00282237,0.0033667698,0.0028913426,-0.013387129,-0.007416443,-0.01250355,-0.015080405,-0.00462536,-0.009381572,0.0014989893,-0.011721016,-0.0032930623,0.0016782635,-0.009486604,-0.011935004,-0.012843262,0.0026185908,-0.0010682149,-0.0086547155,-0.004773548,-0.011585914,-0.012312942,-0.0043781945,0.0017410689,-0.0060156644,-0.00546844,-0.007673742,-0.0023704797,-0.0031168575,-0.0062237233,-0.010841141,-0.0013564789,-0.0014668325,-0.010670723,-0.0031066192,0.003028466,-0.0009620569,-0.0017906255,-0.006841526,-0.0049320776,0.00585343,0.0029512187,-0.0015229128,-0.008154288,-0.0050083,-0.0038978,-0.0028882404,-0.009006449,0.0063670645,-0.004561062,-0.01378949,-0.0055624014,-0.005040948,-0.009828017,-0.008178594,0.001274837,-0.0040065804,-0.004159964,-0.0057944134,-0.0059570377,-0.0033157736,-0.009862013,-0.014210485,0.00010654495,-0.0028071592,-0.0010215607,-0.0003598942,-0.007273178,-0.0044419095,-0.006297372,-0.0003049815,-0.00167741,-0.0051462506,-0.0052542724,-0.0038083037,0.004882319,-0.008314246,-0.0071537723,-0.0031421692,-0.00559301,-0.0050630607,-0.0027356779,-0.006002052,-0.006268986,-0.00091448636,-0.013165787,-0.0024376225,-0.0016382929,-0.0066128755,-0.0034717154,-0.006292087,-0.0035115674,0.005140011,-0.0051443973,-0.0038066949,-0.003025006,-0.0101522915,-0.009628095,-0.005671948,-0.0050912085,-0.009631996,-0.004042178,-0.0022198525,-0.0019038126,-0.0055736033,-0.0043150596,-0.0035750405,-0.002702379,0.00027666235,-0.010559153,-0.009087988,-0.0017802687,-0.0038244252,-0.0038482707,-0.00207309,-0.016173258,-0.008480219,-0.008794507,-0.0045426777,0.0016587055,0.0062332945,-0.008469007,0.00069572043,-0.0039547863,-0.008629684,4.610849e-05,-0.0021892432,-0.0068169986,-0.005506922,-0.008751378,-0.002319539,-0.006990688,-0.0030668345,-0.0060920357,-0.007995519,-0.003952229,-0.0056863623,-0.0043393434,-0.010117965,-0.0074690925,-0.009067427,-0.0013974207,-0.008078839,-0.010471812,-0.0044287657,-0.004365594,0.0034830475,-0.008387046,-0.009328445,-1.773188e-05,-0.0065528178,-0.0134965535,-1.9589086e-06,-0.009556687,-0.0069449716,-0.008340946,-0.0045979423,-0.012541489,-0.007782999,0.00025747964,-0.011652031,-0.011925762,-0.008603156,-0.009329956,-0.00049580645,8.863229e-05,-0.010566561,-0.010296823,-0.010631526,-0.010868804,-0.011050626,-0.0012758534,-0.0039743297,-0.006499821,-0.0012748222,0.00059512974,-0.00079116115,-0.010292469,-0.0039152396,-0.010787316,-0.001040659,-0.008528207,-0.0038619938,-0.0107458215,-0.005977706,0.007863028,-0.0005042381,-0.0038346257,-0.00898018,-0.0033152944,-0.004296236,-0.009818361,0.003977463,-0.0055149044,-0.008024606,-0.0072510354,0.0019981917,-0.013107427,-0.0051170937,-0.010343297,-0.0044454783,-0.010612151,-0.007886574,-0.0003428546,-0.01010928,-0.0024777302,-0.009919166,-0.0113731,0.0004961305,-0.0113780955,-0.0022450187,-0.0065442594,-0.0071353926,-0.0022957618,-0.008809166,-0.0050016223,-0.0071451855,-0.004272093,-0.0018981125,-0.007827326,-0.00011741987,-0.006666071,-0.012626564,-0.0033231487,0.006587109,-0.006980515,-0.006268401,-0.0026628843,-0.0076620025,-0.0048323846,-0.003188501,-0.0028493453,-0.0069057033,-0.0049391203,-0.0050732708,-0.010792064,4.9351413e-05,0.0010127652,-0.003946218,0.0021756326,-0.01019453,-0.0009783666,-0.0033136723,-0.010903965,0.0037048352,-0.009986045,-0.010669928,-0.0109292995,-0.0077123204,-0.008781411,-0.0037573911,-0.002321278,-0.00456168,-0.0014636042,-0.0022055341,-0.001228272,-0.008607181,-0.0062648407,0.0012628346,-0.009517651,0.00091890426,0.001534907,0.00023973025,-0.012659204,-0.01075475,-0.0013701462,-0.0041267057,-0.0056527583,-0.0060180365,0.0018903927,-0.0059538884,-0.0066655967,0.0016961847,-0.003918197,-0.00042141366,-0.012225918,-0.0037470306,-0.0064349365,-0.0012827973,-0.003419618,-0.01102371,0.00022901731,-0.0074564335,-0.0020996884,0.0016603684,-0.00717261,-0.009710882,-0.0060895868,-0.002347292,-0.006687666,-0.00810436,-0.007007626,-0.016262576,-0.009490578,-0.00030121245,-0.005614254,-0.010055101,-0.006450485,-0.0070859967,-0.005824564,-0.00052064605,-0.011037133,-0.0038269071,0.004069111,-0.008297253,-0.009675998,-0.0041862326,-0.018373381,-0.003718798,-0.0032206774,0.0022292472,-0.0061970307,-0.0060693747,-0.0037812612,-0.005256519,-0.0037878847,-0.006636736,-0.009720054,-0.0071539865,-0.005947032,-0.005564865,-0.00012825933,-0.0015240427,-0.0032521074,-0.005980912,-0.008218412,-0.0051258625,-0.006481815,-0.0007980392,-0.0067053703,-0.010491244,0.0007835096,-0.0041466644,-0.0018413899,-0.012067538,-0.0064916057,-0.0044821585,-0.009035288,-0.0053313705,-0.0046081073,0.004260688,-0.0072047156,0.0010529788,-0.0045502894,-0.0025567228,-0.008035273,-0.0068501504,0.00076013146,-0.0042544324,-0.008394001,-0.0020551851,-0.001058124,-0.005945856,0.00085935526,-0.008428195,-0.0070655337,-0.0019076339,-0.004428875,-0.0046219216,-0.0039632665,-0.0006085286,-0.010070012,-0.009644016,-0.007340832,-0.0066777943,-0.006310721,-0.006287367,0.0054013627,-0.0033890624,-0.006282327,-0.007914114,-0.0062728785,-0.005971856,-0.0073370873,-0.005350294,-0.008887333,-0.004157099,-0.009199559,-0.006456821,-0.0075865933,-0.004812324,0.0010341165,-0.002289174,-0.0071795424,0.0003947916,-0.006101939,-0.012046806,-0.003369189,-0.006187622,-0.0072764475,-0.007925626,-0.009413048,-0.00914083,-0.0063823843,0.00073472597,-0.0052570947,-0.002827393,0.009911453,-0.0114153195,-0.011470154,-0.0069430196,-0.0114930235,0.00233436,-0.014959761,-0.003904731,-0.009195732,-0.00455125,-0.0095972745,-0.0031863821,-0.0019809383,-0.00769497,-0.004616832,-0.00955063,-0.0007153468,-0.0070455074,-0.0055616694,-0.008011839,-0.005229849,-0.0034818936,-0.009175878,-0.005709816,-0.0064313486,-0.0071428376,0.0014071015,-0.011419915,-0.0051902095,-0.0041224463,-0.003964316,-0.0035591107,-0.0045158938,-0.011049549,-0.010460709,-0.0012050826,-0.010533117,-0.007755608,-0.012898478,-0.005530299,-0.00827159,-0.0072170882,-0.0038468607,-0.010563031,-0.010572023,0.00091848726,-0.0019976362,-0.008940564,-0.0034569853,-0.0031064139,-0.005445762,-0.014081791,-0.01074881,-0.0031946758,-0.0071385507,-0.0049247383,0.0018477385,-0.004468585,-0.007615464,-0.0011382097,-0.0011848337,-0.0025391313,-0.008032829,-0.0073220395,-0.0043391064,-0.011839252,-0.0061819083,-0.0044949166,-0.009809322,-0.014098724,0.0062701423,-0.009849933,-0.0066381474,-0.01170008,-0.01255339,-0.007929726,-0.012347359,-0.008687247,-0.0021335415,0.0015508283,-0.004396446,-0.005302789,-0.004486478,-0.0014653923,-0.0032527717,-0.0039250604,-0.013582206,-0.0033973553,-0.009251376,-0.0047871526,-0.005996971,-0.0028684163,-0.008621744,-0.0098135015,-0.0030362397,-0.0062040705,-0.003014223,-0.008771545,-0.003243835,-0.015266854,-0.0063994047,-0.010984664,-0.0043343995,-0.006505484,-0.00040540978,0.0009975845,-0.0063598435,-0.0056298315,-0.0051223245,0.0019490363,-0.009850124,-0.0041713333,-0.0075266883,-0.0027800708,-0.010501797,-0.010805282,-0.0016684167,-0.007109437,-0.0048258416,-0.0006061398,-0.004799171,-0.00891437,-0.002811855,-0.0076358547,-0.0078846235,-0.015228985,-0.014632162,-0.0005708951,0.0018666363,-0.010339554,-0.01339048,-0.003481567,-0.0146074705,-0.009219018,-0.004655787,-0.008751752,-0.006645757,-0.001457016,-0.005856806,-0.010987984,-0.0064993803,-0.007129704,-0.00083356805,-0.004024795,-0.005152647,-0.015435839,-0.0007394049,-0.00037309958,-0.00783938,-0.011974641,-0.0046583577,-0.008120314,-0.011254,-0.0028432102,-0.0064192438,-0.0028316425,-0.012369153,-0.0030703691,-0.0077549373,-0.0054114335,-0.008226074,-0.008761718,-0.0077729714,-0.007897695,-0.010029834,-0.007728695,-0.005392692,-0.008473522,-0.009082567,-0.0062320423,-0.0016618463,0.0016175947,-0.002343747,-0.0027996604,0.0029054533,-0.00687769,-0.005563296,-0.0069737476,-0.011879617,-0.0058539137,-0.0057029,-0.005567564,-0.008190404,-0.004502248,-0.011936206,-0.0031380386,-0.0065076645,-0.009090451,-0.013488363,-0.00020002523,-0.0048183226,-0.0040787295,-0.0037845168,-0.0022928216,-0.0060527194,-0.0071495697,-0.014178819,-0.003036223,-0.009720777,-0.010502707,-0.009942407,-0.0037016016,0.0034205425,-0.007814669,-0.00827518,-0.008130764,-0.005465436,-0.010390346,-0.0036470594,-0.0120719625,-0.007601155,-0.00694375,-0.004974778,-0.0012096897,0.0041523227,-0.0016138025,0.0014931089,0.0014429407,-0.012759455,0.00019815103,-0.007066997,-0.008518845,-0.0008603642,-0.010256338,-0.0049397484,-0.0035570404,-0.00502698,-0.0035208303,-0.005783577,0.003081112,-0.009052652,-0.0015055293,-0.011247983,-0.009689859,0.0052763573,0.0050657205,-0.00495384,-0.007555881,-0.00017959885,0.0015517992,-0.0068145846,0.00055374217,-0.0046299202,-0.005587485,-0.015511674,-0.0060818815,-0.005710467,-0.0047562574,-0.00053849147,-0.012849459,-0.003647658,-0.0021619375,-0.008956032,0.004908835,-0.010124612,0.0011643319,-0.0033938354,-0.0034835467,-0.0059305113,-0.006112746,-0.008352738,-0.0038891404,-0.008017375,-0.0044001834,-0.005571676,-0.0051776767,-0.005347704,-0.0021558334,-0.00949318,-0.0076890737,0.00049012835,-0.00011450272,-0.0028967396,-0.011750979,0.0044043893,-0.005006372,-0.00031878473,-0.0012104978,-0.0058980887,-0.0060746353,-0.0023439657,-0.009679373,-0.015061778,-0.015455459,-0.004978903,-0.0061608246,-0.0059206607,-0.0043428494,-0.010599253,-0.0050132195,-0.001938429,-0.0026044075,-0.005885069,-0.008087901,-0.00051283435,-0.007484248,-0.0043336754,-0.0057212207,-0.012840824,-0.0056165475,-0.001894461,-0.0059335683,-0.009969634,-0.0030747345,-0.009015128,0.0033081467,-0.010387744,-0.010002916,-0.0037891974,-0.006555737,-0.0019028077,0.004958312,0.0014489652,0.0014852702,-0.008087591,-0.006204873,-0.007504295,-0.0011047468,-0.0059387214,-0.0068495725,-0.0080677625,-0.0019343358,-0.0008454129,-0.007937666,0.009746494,-0.01036527,-0.0068595335,-0.009432182,-0.00016048021,-0.006079871,0.0002408498,0.0019452005,-0.0076567447,-0.008355792,-0.009187131,-0.0030449752,-0.0038554175,-0.002829225,0.0045230617,-0.00836468,0.008460763,-0.0056524393,-0.007383061,-0.0039508827,-0.00018139175,-0.009344473,-0.009019938,-0.005823201,-0.005495575,-0.0025339734,0.0011468242,-0.007864013,-0.008301087,-0.0012708313,-0.008751265,-0.0012557219,-0.00820714,0.0021293233,-0.0068597444,-0.004516881,0.0015715533,-0.007121331,-0.0045090197,-0.011002046,-0.006906189,0.0051813493,-0.008761217,-0.002524494,-0.0010017672,-0.0022651583,-0.010844214,0.0009307035,0.0011702868,-0.0040476485,-0.002894912,-0.007694259,0.0010953101,-0.0072281454,-0.006780755,-0.0075540775,-0.007670455,-0.007302542,-0.006351822,-0.008130014,-0.0023170065,-0.0052674264,-0.0075243954,0.001957259,-0.005860081,-0.004330499,-0.006502904,-0.006059629,-0.011695432,-0.004801775,-0.011437303,-0.0076836,-0.0014201169,-0.0059946976,-0.0070710094,-0.005374831,-0.0028973082,-0.0070852735,-0.0017128119,-0.0030587758,0.0028701616,-0.0022041851,-0.008352771,-0.0003064795,-0.0015451239,-0.004766119,-0.0025792278,-0.0061712163,-0.006708314,-0.012578333,-0.012209361,-0.0063530477,-0.008504988,-0.0049230414,-0.0042509143,-0.0026111905,-0.005319131,-0.0053493236,0.0014690312,0.0013952098,-0.0029734457,-0.00936432,0.0032354118,-0.004136362,-0.01222358,-0.0059192386,-0.001051881,-0.006852087,-0.0024692498,-0.0057931314,-0.0031965426,-0.008320147,-0.00078796374,-0.0045215953,0.0018385991,-0.007057848,-0.007945422,-0.002612066,-0.0016632897,-0.006234874,-0.0054802657,-0.0058144038,-0.003611727,-0.0057770074,0.006653183,-0.006354177,-0.008347942,-0.008884529,0.007745275,-0.009091059,-0.001325848,-0.0073670684,-0.0095723225,-0.0050313515,-0.0080622705,-0.0037395416,-0.011301192,-0.005689976,-0.009759659,-0.005222633,0.00016226203,-0.0002469403,-0.008671855,-0.005010565,-0.0005695082,-0.008923064,-0.00653939,-0.0041406644,-0.0034858554,-0.008933288,0.0032154662,-0.0030388164,-0.0076483428,-0.00352385,-0.0047445716,-0.011709365,-0.012339835,-0.0014328443,-0.010168132,-0.0049389387,-0.00084241485,-0.0020909596,-0.010516346,-0.0052275984,-0.011355988,-0.008290883,-0.002380197,-0.006782952,-0.005019378,-0.0029512015,-0.0062893704,-0.007708288,-0.0051433113,-0.004983296,-0.0077321674,-0.007721024,-0.0037973165,-0.010293058,-0.0053937146,-0.00024708992,-0.0012778005,-0.00747336,-0.005237618,-0.0024195232,-0.009518217,0.0012971532,0.0045723733,-0.002393477,-0.005179612,-0.012322515,-0.004337594,-0.013527402,-0.011664678,-0.008037107,-0.002942501,-0.0021625771,-0.0055284626,0.00048861065,-0.003489647,-0.0040692645,-0.005813923,-0.00360148,-0.0052031544,-0.00756103,-0.0135214105,-0.0055898405,-0.0003853848,-0.004440681,0.0028390116,-0.0015681348,-0.010072515,-0.011188088,0.0038695636,-0.0015655083,-0.0073337364,-0.0084413905,-0.0034900883,-0.008955167,-0.0051608603,-0.0075066667,-0.010980843,-0.003144989,-0.010860256,-0.0073633064,0.0010863069,-0.0041341996,-0.0017086546,-0.0048250654,-0.0028825602,-0.0056600953,-0.0010181168,-0.004478248,-0.016378779,-0.00866021,-0.0027496058,-0.010672721,-0.0033955157,-0.004188894,-0.00437252,0.001330271,-0.0070431554,-0.0036493596,-0.005284761,0.0037201256,-0.008813724,0.0019526879,-0.0022817524,-0.0017059628,-0.007946278,-0.000281425,0.00653096,-0.008614127,-0.0059924456,-0.009589449,-0.0010108529,-0.0025769877,-0.0034806728,-0.0037743454,0.005093592,-0.0074806735,-0.0065615117,-0.0058634444,0.0021893717,0.0025055076,-0.0069004204,-0.0014960663,-0.0014111886,-0.009853892,-0.008009041,-0.006070833,-0.0132574625,-0.0051960493,-0.011748711,-0.006457185,0.0031625002,-0.0064301277,-0.007697117,-0.0024308185,0.0036119767,0.0011045093,-0.0026907874,-0.0076563964,-0.0069088014,0.00042112338,-0.0057762563,-0.008700613,-0.007194377,-0.009477616,-0.0062770476,-0.0068320488,-0.0067123263,-0.008044713,-0.0020114502,-0.01001427,-0.004662218,-0.0060011595,-0.003662516,-0.0038306399,-0.00608517,-0.0149489995,-0.0029314863,-0.009726985,-0.001142729,0.003487052,-0.00737594,-0.0078736665,-0.015278339,-0.00376261,-0.0053248093,-0.0019542987,-0.004309691,-0.001447377,-0.0035886974,-0.006903753,-0.0070735435,-0.0058043217,-0.0019470828,0.00017423059,-0.0034485178,-0.004857071,-0.0035393115,-0.008056795,-0.0058793155,0.00021300273,-0.005547143,-0.0044166353,-0.0077419127,-0.0073575242,-0.007873636,0.0008779244,0.0021559848,-0.0036005937,-0.0043329117,-0.0016175419,-0.012777498,-0.003846344,-0.0109879775,-0.013876093,-0.0014735841,-0.010854009,-0.005072586,-0.006336581,0.00059163093,-0.0015491628,-0.011510647,-0.01025527,-0.002539934,-0.006592995,-0.008786118,0.0039764154,-0.011885292,-0.009584759,0.0049289865,-0.0044095605,-0.005686264,-0.0013134864,-0.0058525656,-0.007203844,-0.006754263,-0.0021569484,-0.005749252,-0.0007799143,-0.010939491,-0.008777876,0.0018107846,0.0017449615,-0.0025158944,-0.00529327,-0.011451703,-0.014872497,-0.011621048,0.0006816494,-0.013840734,-0.011589486,-0.002318765,-0.0049904967,-0.00575772,-0.0038759066,-0.0111301355,-0.0111795375,-0.004457693,-0.00747034,-0.008449411,0.004587095,-0.0046197274,-0.00267941,-0.0043886793,-0.00426424,-0.003514605,-0.011919567,-0.0046679447,-0.008102974,0.0005904729,-0.005472835,-0.0028911533,0.0047605983,-0.011990272,0.011844612,0.00092686777,-0.009393713,-0.0017163256,-0.0073760618,-0.001351487,-0.0031071294,-0.00895702,-0.002750407,0.0043800734,-0.011515343,-0.0055633853,-0.011734518,-0.00054365746,-0.0054235226,-0.0059809494,-0.0017817533,0.010970705,0.007987553,-0.010088793,0.0002902274,-0.0055057886,-0.005708859,-0.0072836555,-0.0036332754,0.0018394548,-0.008482608,-0.0028188701,-0.0042378036,-0.0040695476,-0.0075814724,-0.011980187,-0.004709224,-0.005752549,-0.0038565262,-0.010094279,-0.008397885,-0.010635347,-0.00077963085,0.002850941,-0.0077999793,0.0033652026,-0.007904411,-0.003328312,-0.0028898986,-0.0018862559,-0.010462041,-0.0075002625,-0.005189784,-0.013824214,-0.015370077,-0.01009082,-0.0034888529,-0.008923357,0.00091847876,0.008175321,0.007953759,-0.0052358545,0.0077902875,-0.01043733,-0.0060088146,-0.0077963863,-0.011571764,-0.0039823567,-0.0030205585,-0.0077841654,-0.0071685174,-0.00075550214,-0.0069190287,-0.0044633104,-0.012090143,-0.0030358576,-0.0037556014,-0.0056700925,-0.004960264,-0.0068391804,-0.001615557,-0.00907396,-0.006832833,-0.006169509,-0.011509442,-0.008525731,-0.0036471337,-0.009985187,-0.004826287,-0.008098635,-0.0013315575,-0.003560805,-0.01277628,-0.0001401594,-0.0062097423,-0.003777502,0.0011208379,0.0020255044,-0.0040362566,0.002593302,-0.0036929443,-0.0020741513,-0.0053473692,0.00021407493,-0.012086184,-0.010156493,-0.006130557,-0.008020921,-0.0032604528,-0.0065821386,-0.0065054405,-0.0065955357,-0.004327588,-0.006439796,-0.012578862,-0.003088546,-0.009345384,-0.004554917,-0.008764443,0.0009938581,-0.0003953761,3.7421294e-05,-0.006747005,-0.002980536,-0.0029602174,-0.008776889,-0.0039668744,-0.0113120545,-0.0031254592,-0.012452643,-0.005007033,-0.004699774,-0.007819826,-0.0077810017,-0.0014326156,-0.008112279,-0.008791285,0.0032927585,0.00381904,0.0017752445,-0.00310103,-0.0048706806,-0.0072712004,-0.0057016737,-0.0035361007,0.0034251078,-0.0062006507,-0.0033334438,-0.0030184882,-0.0036582465,0.0051473635,-0.0063404934,-0.00466046,-0.0038187793,-0.0061432854,-0.004159225,-0.011598367,-0.007608078,-0.008387847,-0.004890862,-0.003519326,-0.008919508,0.0058866558,-0.009352283,0.0023835474,0.00085156696,-0.006646528,-0.008544515,6.138319e-05,-0.009911511,-0.008578307,-0.010361741,-0.0035038502,-0.007876714,0.005457868,-0.0073413295,-0.0041130614,-0.010758153,7.007701e-05,-0.011130994,0.0042472403,0.0038275179,0.0015803084,-0.0036039697,-0.0023579302,0.00080175203,-0.005529572,-0.0065783355,-0.008399789,0.0009159508,-0.0032568395,-0.0048427233,0.0013741325,-0.0073363474,0.0014837944,-0.010946899,-0.012489693,-0.002139299,-0.015575986,-0.0099395905,-0.0101240855,-0.009656076,-0.003293709,-0.00618525,-0.0016476234,-0.0069423905,-0.00023709686,-0.0011556104,-0.004779166,-0.0051989276,-0.0055213394,-0.0028581147,0.001151544,-0.00910005,-0.009187393,-0.00630474,0.0033860884,-0.002715931,-0.00037259303,-0.0064010713,-0.010681362,-0.008275205,-0.008650043,-0.0059171547,-0.00879239,-0.005532811,-0.014429094,-0.007253285,-0.007874318,-0.004548552,-0.0038016753,0.0013107442,-0.0023377538,-0.01422345,-0.0071743485,0.0026796141,-0.0033250912,-0.003923965,0.005010661,-0.0034584845,-0.0077540493,-0.00759662,-0.0074696005,-0.0044291224,-0.0037224037,-0.00520489,-0.0012857718,-0.012097367,-0.006604221,-0.0022419123,-0.011392213,-0.0038536058,0.0020566029,-0.0005027977,-0.013669857,0.0060247914,-0.00197705,-0.0056716865,-0.0012524109,-0.008439527,-0.004847846,-0.013558524,-0.0047259266,-0.004505594,-0.0011108017,-0.0066027325,-0.0072784526,-0.0076456303,-0.0055703153,-0.002494161,-0.0051035224,-0.0016874318,-0.003139919,0.0021494734,-0.0051408787,-0.002361635,-0.005569423,-0.0043222494,0.0016461088,-0.005705119,-0.005789129,-0.0028002404,-0.0070433267,0.008063506,-0.010302349,-0.0075228903,-0.004165669,-0.0039198305,-0.005054674,0.0034312792,-0.0056703966,-0.005793264,-0.009865445,-0.0030317858,-0.0043575284,-0.009253673,-0.0052207415,-0.0062374156,-0.0026127528,-0.004766732,0.003047282,-0.004986878,0.0022959292,-0.00392323,0.0024335647,-0.01002473,-0.006953393,-0.0049439506,0.0006978441,-0.0027105103,-0.006823931,-0.0041118716,-0.0038463036,0.0004924924,-0.0040131034,-0.014145857,-0.012442276,-0.0026895353,0.0065282453,-0.0050661364,0.0011335401,-0.0002676675,-0.00785842,-0.0035598867,-0.005839347,-0.011533857,-0.01181158,-0.008358423,-0.0053146365,-0.0039811195,-0.0026627393,0.0020180491,0.0017413336,-0.009134716,-0.012592556,-0.002998912,-0.0056090974,-0.004696757,-0.0063751554,-0.0017974547,-0.011440141,-0.0043598735,-0.0060590226,-0.0016255653,-8.506095e-05,-0.008646694,0.002493473,0.0003540696,-0.0048780614,-0.0061860452,-0.008327098,-0.00816725,-0.009065312,-0.0007900772,0.0017549543,-0.0051736888,0.002601848,-9.443625e-05,0.0013206843,0.00021510864,-0.0030955405,-0.005501652,-0.0069161835,-0.008326141,0.0058715097,-0.006054596,-0.0037254994,-0.013419246,-0.0042598518,-0.007116482,-0.009315204,-0.00393056,-0.011696914,-0.0071885833,-0.0001938077,-0.002047922,-0.01025656,-0.009879897,-0.0005534354,-0.0052353204,-0.003938812,0.006306689,0.0015118091,-0.008278036,-0.0059038424,0.008677095,0.009428955,-0.007359669,-0.009106147,-0.0016834954,-0.009054293,-0.017692348,0.00027088154,-0.00831978,-0.0045093754,3.7853428e-05,-0.0049488707,-0.0073949005,-0.0068896287,-0.0030194004,-0.004607239,-0.009626242,-0.007020389,0.00058279216,-0.007074315,-0.01640273,-0.00033992063,-0.007482226,-0.0018320865,-0.0006371341,-0.008295561,-0.004492648,0.0033462741,-0.0038198207,-0.005172407,0.0018634684,0.00037167035,-0.0080959,-0.0013121071,-0.003528968,-0.0058641154,-0.005823351,-0.0111459205,0.0032535407,-0.0053560594,-0.0067088665,-0.004273778,0.00046786832,-0.009012945,-0.006880003,0.00020191137,-0.010088582,0.001974794,-0.0062369546,-0.003779676,-0.0028218909,0.0030718574,-0.013471595,-0.0051535666,-0.0016772869,-0.0033160287,-0.0011320265,-0.001541599,-0.0069892816,-0.0051381495,-0.005677997,-0.003191429,0.00081199076,-0.0029777053,0.019550081,-0.00050860614,-0.0002999378,-0.009249444,-0.008386531,-0.0044073984,-0.007180638,-0.008772265,-0.004946032,-0.003060059,0.002035531,-0.013034249,-0.005146402,-0.0060672443,0.003974478,-0.003738631,-0.00706292,0.00018946086,-0.008852319,-0.0001771146,-0.0012844965,-0.0043279314,-0.0026377868,-0.0067964834,-0.004088093,-0.0077477233,-0.006256935,-0.00093797944,-0.007817729,-0.0080330605,-0.005385194,-0.0057939715,-0.0016973675,-0.00048472275,-0.008123896,-0.0041964673,-0.006660125,-0.000610553,-0.008847214,0.00071190955,-0.00407208,-0.008020859,0.00044415426,-0.01772009,-0.008372968,-0.007784233,-0.006713917,0.0020757078,-0.009174366,-0.009318932,0.0024490624,-0.008270801,-0.0020460805,-0.004279325,-0.0076326528,-0.0017366348,-0.007335164,-0.0031222932,-0.0012604998,-0.015518078,-0.0133399265,-4.302422e-05,-0.0069224527,-0.0011456419,0.00088437047,-0.00012220927,-0.0074577807,0.0029891506,-0.0074368985,-0.0060036606,-0.002277469,-0.0064813755,-0.006575418,-0.0040658833,-0.00023347336,0.0039029366,-0.00026342247,-0.0028720442,-0.001539132,0.0046934816,-0.0194287,-0.0070352824,-0.0148302335,-0.0013518941,-0.0005710573,-0.0050268164,-0.0029914046,-0.0054884073,-0.00092868647,-0.004041954,-0.0029018456,0.0013538653,-0.003209444,-0.0037387384,-0.009479339,-0.0070474837,-0.01152969,-0.007346772,-0.0043568574,-0.00071878487,-0.0058746156,-0.0018726072,-0.0062880195,-0.002954541,-0.0059678406,-0.000901391,-0.0035190217,0.00073920784,-0.0065157632,-0.009513059,-0.0029887701,0.00062038086,-0.0050686942,-0.0065247733,-0.0064538294,0.0012625171,-0.012282825,-0.011849189,0.00458259,-0.0020697846,-0.005318937,-0.0036585624,-0.005521167,-0.0076085166,-0.0060913884,-0.009967729,-0.0076841093,-0.008585344,-0.015091071,-0.0034952457,-0.010340882,-0.0072736125,0.0033868065,-0.0010378184,-0.0058994438,-0.0014032454,-0.0011448213,-0.0015755834,-0.008210811,-0.004242331,-0.007827436,-0.0025222008,0.0002839836,-0.0021267335,-0.005850694,-0.007562432,0.001975725,-0.005500678,-0.0019848873,0.0004938425,-0.0045253257,-0.0075862175,0.0057808296,-0.008379364,0.00029838973,-0.01016195,0.0021790601,-0.00621839,-0.006217149,-0.0021729346,-0.009511249,-0.004636348,-0.01005752,-0.0046447306,-0.0058157844,-0.0046191444,-0.006641892,-0.0056326436,0.0075316927,0.002699373,0.002155429,-0.0007028353,0.005485179,-0.0020489749,-0.009643116,0.00036816308,-0.0073058167,-0.000972232,-0.011357801,-0.006595222,0.0031071717,-0.008283721,0.004083321,-0.0064046015,-0.006386052,-0.0016336238,-0.004365472,-0.00544392,-0.010738297,-0.003588383,-0.011303634,-0.011138903,-0.018581362,-0.0050729304,-0.006315835,-0.0013286227,-0.007308159,-0.008891963,-0.008575731,0.00096637045,-0.009974433,0.002621015,-0.0065264422,-0.0020895458,0.002422354,-0.006439673,-0.00439983,-0.004197829,-0.0056947926,-0.006646135,-0.006305038,-0.003677857,0.0028910055,-0.009255753,-0.0027949892,0.009245746,0.007210048,-0.008553241,-0.009923518,-0.008105499,-0.008178851,0.0023154737,0.0020113646,-0.0008569877,-0.0045961468,-0.009740449,0.001919887,-0.005554459,-0.0033332468,-0.003000884,-0.005515057,-0.0051602544,-0.011926408,0.0021346468,-0.005507426,-0.006384721,-0.0022752408,-0.0029836004,0.0057402975,-0.0044276444,-0.0012818709,-0.0035088612,-0.0038300017,-0.0036650673,0.0005806686,-0.0032268814,-0.005030683,-0.004376702,-0.00474274,-0.0072528524,-0.0007629731,-0.0042360486,0.0045243823,-0.008007047,-0.0112272855,0.00096621487,-0.0053786812,0.0020816752,-0.010181498,-0.010904378,-0.0069153,-0.0043480666,-0.0010746797,-0.0033750944,-0.005475963,-0.00904611,-0.0062860586,0.00062083366,0.003420678,0.00025580422,-0.008617526,-0.006729025,-0.003536785,0.0018985623,-0.0009347811,-0.008535947,-0.009346759,0.013174364,-0.0032329296,-0.0049399314,-0.007527482,-0.006043696,-0.0068248357,0.0005078866,-0.002155278,-0.0035234594,-0.007792644,-0.01034239,-0.012788359,-0.005407862,-0.008459518,-0.006479503,-0.0009053814,-0.01034972,-0.008711356,0.0046690255,-0.0077496204,-0.002912079,-0.0069612544,-0.007879769,-0.0039571705,-0.003218676,-0.0049144914,-0.011321185,0.0035281722,0.0077797724,-0.009768837,-0.008807761,-0.0008931926,-0.009069564,0.001361369,-0.0066345274,-0.008266759,-0.008916807,-0.007771387,-0.00035322923,0.0006980889,0.0008612919,-0.00983513,0.0017055498,0.0042820186,-0.0025697548,0.00048487427,-0.0077702124,-6.459059e-05,-0.0016627911,-0.010271928,-0.01076845,0.0054288534,0.0036442473,-0.008629752,-0.0068360064,-0.010280046,-0.009464288,-0.0058666826,-0.0067024254,-0.007542028,-0.0060442304,-0.013186696,-0.007658584,-0.008216178,-0.0036528527,-0.008038619,-0.0024692668,-0.0018474536,-0.0037576552,-0.0045519983,-0.008309717,-0.0052238083,-0.0031502875,-0.0022097246,-0.0024093231,-0.006155932,-0.0028332323,-0.0048044664,-0.005071157,-0.0057214065,0.0035510415,0.001979847,0.0016863876,0.005410093,0.0009898226,0.0021985588,0.0035712693,0.00045652277,-0.01293188,-0.0037044445,-0.01425898,-0.0027635095,-0.00776013,-0.008504154,-0.0035273356,-0.008264082,-0.0022360054,-0.0050538434,-0.0061355047,-0.0043686586,0.00057056866,-0.0018606943,-0.0065163006,-0.010470511,-0.0046959664,-0.005950494,-0.0051318826,-0.0012234382,-0.00927447,-0.0061633782,-0.007755706,-0.009098504,-0.0024034018,-0.00057389145,-0.0009575102,-0.003927395,-0.00673367,0.0022199042,-0.006741997,-0.011624067,-0.010975565,-0.0073036943,-0.006255914,-0.0036798127,7.749948e-05,0.0050075115,-0.007786374,-0.004590288,-0.0034652313,-0.004062272,-0.0021661678,-0.009666022,-0.0001558923,0.010833306,0.009655049,0.01117908,-0.007852158,0.00059723743,-0.008851499,0.0016646571,-0.0058271517,0.0025172313,-0.005907604,-0.00601058,0.003882564,-0.0042326525,0.0024393206,-0.000921993,-0.0125997765,0.0061277347,0.0046937335,-0.0038397876,-0.00028950503,-0.0042492785,-0.0035889288,-0.008156986,-0.0036819135,-0.01180123,-0.0010558104,-0.0020534587,-0.0014459743,-0.0071821753,0.0024649194,-0.0048802467,-0.0074696583,-0.008312421,-0.004417467,-0.000674738,-0.009288572,0.00012555513,-0.0038598226,-0.005359536,-0.005083754,-0.0024471695,-0.0029247645,0.009264706,0.009313598,-0.002365205,0.008162896,0.007526982,-0.006798912,-0.0033112317,-0.0038224114,0.0025639713,0.0032936116,-0.00720015,-0.011332397,-0.0038445054,-0.01015749,-0.0033861047,-0.0068336995,0.0005670489,-0.008431791,-0.0057161185,-0.0066400343,-0.0057380022,-0.00638077,-0.008074469,-0.0003641219,0.00090896845,-0.007940692,-0.011930618,-0.0035140135,-0.0034595851,-0.008763683,-0.007227013,0.0017062133,-0.0013595046,-0.002736435,-0.007945737,-0.0005167851,-0.009292796,0.007710904,-0.0042664288,-0.0067040552,0.0068286913,-0.0061303773,-0.0030755696,-0.003761157,0.0029542143,-0.0030889723,0.00055211375,-0.008126575,-0.008607868,-0.0040876702,-0.00022560851,-0.00500746,-0.006317244,-0.007256717,-0.01245865,-0.013356349,-0.006287135,-0.0031736775,-0.0047346856,-0.0069730678,-0.008641595,-0.0046459003,-0.0017388805,0.0012096249,0.002691479,-0.0048930026,0.00017081457,-0.0006470488,-0.0048682974,-0.0044607287,0.0018300138,-0.005253256,-0.0057141585,-0.0046891286,-0.009740147,-0.009052546,-0.005394028,-0.00825699,-0.008257332,-0.0076688435,-0.00032494433,-0.0038928334,-0.0054673483,-0.0036861831,-0.007553815,-0.0036507307,-0.0026752867,-0.0029623,-0.010609324,-0.0037086098,-0.0029479158,-0.013611944,-0.0047862343,-0.0036065022,-0.00027434545,-0.00079053076,-0.0055451933,-0.010182222,-0.008783172,-0.005569475,-0.0011284134,-0.0051460024,0.006205387,-0.0036514534,-0.0025833994,-0.004065307,-0.009603814,-0.0037916629,-0.012291842,-0.0019063158,-0.0010258289,0.00027145952,-0.0012533539,-0.0056438395,0.0014481435,-0.004461262,-0.0042444244,-0.00310334,0.0015751602,0.0007288038,-0.004545577,-0.0023656024,-0.0070231073,0.0037408778,-0.0036636295,0.0007984026,-0.0064286836,-0.004750267,0.0011578066,0.0024692523,0.004449007,0.0044369064,0.0017865787,-0.0036947497,-0.0028873663,0.0049913586,-0.007732131,-0.001879511,-0.003462195,-0.0062178285,-0.0032591263,0.0007072231,0.0029368235,-0.004888759,-0.0006621698,-0.0035396428,-0.006404668,-0.005173432,-0.004365363,-0.0046594166,-0.0076909,0.006510467,-0.0040891697,-0.0046490906,-0.0030129468,-0.00461824,-0.0018526046,-0.0056817513,-0.0077695847,-0.008746139,0.0028716756,-0.007451587,-0.0062040477,-0.0076299137,-0.004675785,-0.009994186,-0.0037169566,-0.002339705,-0.010151541,-0.007381055,-0.005641862,0.0025263194,-0.0054173167,-0.004398464,-0.00420292,-0.0063754832,-0.004528354,0.00092370313,-0.000638054,-0.008228497,-0.009314099,-0.0017384416,-0.007898595,-0.007984269,-0.0059426036,-0.0038252543,-0.01963303,-0.0026787848,-0.00077778875,-0.006081175,0.003159727,-0.016089978,-0.0076735495,-6.224078e-05,-0.008199898,0.0018364973,-0.0048067747,-0.001903482,-0.0031828533,-0.011383882,0.008919634,0.009623969,-0.0077845305,0.0050411294,-0.005569094,-0.0009048022,8.833349e-05,-1.8525527e-05,-0.00363361,-0.005396221,-0.007090867,-0.005272775,-0.0044195973,-0.0035061983,-0.004970562,-0.0044189193,-0.016057469,0.0028758384,-0.010222512,-0.006515677,0.009040282,0.012728514,-0.009435742,-0.005236955,-0.006499721,-3.2753596e-05,-0.0025570404,-0.0042199073,-0.0039238087,-0.01000601,-0.007252386,-0.0038958562,-0.0058881673,-0.001304175,-0.005868,-0.005313372,-0.00029361312,-0.0013874224,-9.327944e-05,-0.0032733576,-0.0131898075,-0.003881155,-0.0020246436,-0.007581079,0.0016504017,-0.00628244,-0.0072606946,-0.0024379801,-0.003514001,-0.0027351084,-0.0045082965,-0.0022258388,0.0051525375,-0.004797436,-0.0064537567,-0.0059625963,-0.008678384,-0.008052388,-0.0011016635,-0.012953094,-0.0014427392,-0.0038861043,-0.012811922,-0.0022435533,-0.010105177,-0.010555775,0.003433874,-0.011450686,-0.007900346,-0.0051285243,-0.0036615273,-0.009177412,-0.0067719053,-0.003685664,-0.0069163213,-0.0067223324,-0.0072424985,-0.012267638,-0.0014191184,-0.003821618,-0.003770288,-0.0071060155,-0.006984549,-0.0028705806,-0.003787925,-0.005623963,-0.003399677,-0.0071333633,-0.004241299,-0.0043835,-0.011960752,-0.0031339622,-0.00602241,-0.007881765,-0.003582454,-0.0006688753,-0.004998353,-0.00517644,0.00044457376,-0.0033853587,0.004297708,-0.0070031923,-0.0067425068,-0.0030572368,-0.0006066654,-0.009274137,-0.0010441503,0.0036512932,-0.012214265,-0.0030700627,0.0012748876,-0.0029161824,-0.0038249942,0.0035564764,0.009301675,0.013910595,0.0010743012,-0.0020403652,-0.004932556,0.0087303445,-0.00052898907,-0.0063049346,-0.005521418,-0.008969469,-0.0042293314,0.0027851525,-0.013827622,-0.0072040865,-0.0055313427,-0.010388795,-1.5948357e-05,-0.01068929,-0.0048380424,-0.0028753225,-0.009970601,0.00018510922,-0.006356447,-0.0028030204,-0.0036235014,-0.005327831,-0.008497744,-0.0043095103,-0.0068206815,-0.009257138,-0.0026978964,-0.0069795824,-0.0021302449,-0.0101862,-0.0037584605,-0.0023519436,-0.0051879175,-0.010590253,-0.0152831925,-0.008406602,-0.007777751,-0.004030511,-0.005579459,-0.0021148734,-0.005038322,-0.0012835037,0.00032135277,-0.006708759,-0.013743631,-0.009112282,-0.0073580495,-0.0055013625,-0.00652983,-0.0006724331,-0.007855309,0.0052612857,-0.0067451946,-0.012086245,-0.011603664,-0.009421448,-0.00656973,-0.0065804916,0.0015259758,-0.0019185492,-0.005983608,-0.0024089883,-0.008214547,-0.0030638871,-0.00549168,-0.0119004045,-0.0057061543,-0.0030009556,-0.003187343,0.0035936614,-0.009412034,-0.007480474,-0.0052837823,-0.00074224337,0.0006238445,-0.010742128,-0.00717686,-0.0045956844,-0.0065807607,-0.008296604,-0.006837928,0.0019239802,-0.0074361707,-0.008670094,-0.006174985,-0.004946068,-0.004786048,-0.0077272747,-0.009505338,-0.003726554,-0.0016850515,-0.0048641195,-0.0018796597,-0.010429602,-0.008407324,-0.006663088,-0.008895056,-0.0007791048,-0.0032066184,-0.0003045142,0.0012420506,0.0007787603,-0.0001724505,-0.0060143676,0.00013833168,0.009059366,-0.002322163,-0.006391411,0.0023997694,-0.0037696648,-0.0018392275,-0.0005517764,-0.004564503,-0.0065061944,0.0113414535,-0.00977872,0.010321757,-0.003963591,-0.0047488785,0.0018349316,-0.00093844003,-0.0006621843,-0.0040987553,-0.004944897,-0.0014612314,-0.006229202,-0.0076691094,0.0017561535,-0.004206685,0.004486727,-0.008179187,-0.011729262,-0.004232603,-0.0013620806,-0.016302472,-0.0025421036,-0.0077160355,-0.00038967212,-0.004183384,0.0031173402,0.0023623742,-0.0077867345,-0.0018178205,-0.0026621302,-0.0065536206,-0.005670195,0.0017300027,-0.001851225,0.00025116082,-0.012585052,-0.0061917985,-0.0050068526,-0.0032693301,0.007394255,0.0039554085,0.0038080262,-0.008684856,-0.0050497665,-0.0039595743,-0.0065247705,-0.008558566,-0.0009277362,-0.006401698,0.0047003143,-0.007915171,-0.0018388461,-0.0072083604,-0.0015585701,-0.009567076,-0.0058508,-0.0076432154,-0.0011080496,-0.009109203,-0.0011304767,0.004448915,0.0019891043,0.0032682822,-0.0041188668,-0.0021228723,-0.00468982,-0.0024963338,-0.002730407,-0.0025219994,-0.0022371805,0.00013993288,0.0019227827,-0.002681644,-0.0027124565,0.0010773342,-0.005603449,0.0007740963,-0.0024998847,-0.0096620275,-0.0035687827,-0.011120062,0.001979072,-0.004782298,0.0014563724,-0.0012015821,-0.0018749129,-0.003907136,0.00088756095,-0.0005779241,-0.00010571551,-0.003974011,-0.004199282,-3.5525878e-05,-0.0044086208,-0.004072279,-0.0060568145,-0.0039030064,-0.0038218305,-0.0056586154,-0.0051964875,0.000734012,-0.0023935458,-0.004579949,-0.0045885406,-0.0019664862,0.00013272789,-0.0043007904,-0.007515246,-0.007120772,0.0133786285,-0.009930639,-0.0065875654,-0.0064845253,-0.0058617145,-0.0036549105,-0.0047586025,-0.0047243005,-0.002495387,-0.0037693407,1.0393605e-05,-0.0034563579,-0.00095009647,-0.012470541,-0.014402085,-0.0023574799,-0.0007118067,-0.0013151206,1.7772698e-05,0.0013500392,-0.00066543586,-0.005902147,-0.00059437955,-0.0018852684,-0.0023223078,-0.0060407068,-0.009973616,-0.009966409,0.001630868,-0.0038810207,0.0048255436,-0.00085193757,-0.009697865,-0.0025963073,-0.009376306,-0.0027645084,0.0017010248,0.00039759334,-0.006342152,0.0027236952,-0.0028396696,-0.0018473486,-0.0045017707,-0.0034125901,-0.0045634396,-0.0046269735,-0.016907988,-0.003386729,-0.0022939204,0.0033188553,-0.0042006653,-0.010573821,-0.0038604885,-0.0073394915,-0.0069230245,-0.010429735,-0.01210722,0.0019713214,-0.0019278607,-0.008452869,-0.0028896874,0.0030640147,-0.002891721,-0.0029626773,-0.010556757,0.0019695144,-0.00035286497,-0.0028121646,-0.0043534595,0.0031342867,-0.007974531,-0.012046493,-0.00023315063,0.001721121,-0.0069778953,0.0061608977,-0.010860516,-0.007822527,0.0014478009,0.00039405673,-0.010953016,-0.003538156,-0.012460762,0.0018390805,-0.0037001623,-0.0028919335,-0.0063142204,-0.0006233248,-0.009486112,-0.0027382728,-0.00080637203,-0.00051711116,-0.0030854766,-0.0027683408,-0.007312513,-0.009531268,0.0072644935,-0.011540233,-0.0008163297,-0.010701639,0.0070756455,-0.0060256873,-0.006713399,-0.01030087,-0.004975849,-0.006082541,-0.0014511879,0.0013450567,-0.0044119987,-0.0050959354,-0.0045332643,0.002673478,-0.0038988108,0.0039042549,-0.0047384077,-0.004321718,-0.0069655436,-0.006699936,0.0045795273,-0.005789852,-0.004909804,-0.00023312378,-0.0059232856,-0.0014738039,0.0015843152,0.001136218,0.0006818635,-0.013840791,-0.0047590383,-0.0067676315,-0.016617995,-0.0031118891,0.0031440833,0.0019701691,-0.005119622,-0.0026736304,-0.0049197455,-0.006789843,-0.009588297,-0.006462912,-0.0008340177,-0.0048048506,-0.0041345903,0.0009980515,-0.0014000525,-0.01072521,-0.0077380463,-0.0009083381,-0.0048485813,-0.0039675445,-0.0013092947,-0.0077887154,-0.00080881116,-0.00088512205,-0.0025349178,-0.0008089821,-0.000557701,-0.009184587,0.0018050062,-0.0013658588,-0.0028421471,-0.0020404216,0.0007258316,-0.0076751467,-0.004759077,0.0033526549,-0.006603785,-0.003015276,0.0027995156,-1.4245921e-05,-0.0015503258,-0.0033427912,-0.005786345,-0.006981601,-0.0047825854,-0.0026447654,-0.008625849,-0.009590893,-0.007959634,-0.0078680795,-0.0044475207,0.004039119,0.0034955568,-0.009480389,0.00467436,0.0057439986,-0.0075641503,-0.006078444,-0.00023742024,-0.003190486,-0.0082592135,-0.000128695,-0.01591063,-0.010911731,-0.0072407825,-0.007584901,-0.007585741,-0.003773532,-0.003082053,0.0022975986,-0.00358557,-1.3259291e-05,-0.00032443667,-0.004970537,-0.003726876,-0.0019212702,-0.0024913747,-0.00565263,-0.0027747534,-0.004604692,-0.011043159,-0.004206963,-0.0034703792,-0.0043917205,-0.0032188073,-0.008297051,-0.00324931,-0.0038483224,-0.0062818066,-0.0027165054,-0.0009911922,-0.0056903022,-0.0007369947,-0.0025192844,-0.0014694757,-0.007676309,-0.0041847806,-0.009082695,0.0017774759,-0.004638909,-0.004420603,0.0077275066,-0.009518682,-0.001341842,-0.0024474284,-0.0002257419,0.0031769506,-0.0028152147,-0.0086528165,-0.0055523235,0.0027989817,-0.0018475129,-0.0123058185,0.00082984363,-0.0006995711,-0.005095113,0.0006205319,-0.0039902395,-0.0029090187,-0.0026487554,-0.0070226514,-0.0034681691,0.0027934744,-0.0038761408,-0.0058259256,0.0033468413,0.0024884432,-0.00426616,-0.004684112,-0.003385013,-0.0077860868,-0.006403526,-0.003019663,0.0024176007,-0.0017880813,-0.0038111606,-0.0058400244,-0.0037117095,-0.0049926373,-0.004781327,-0.0027440998,0.0025005378,-0.0070931963,-0.007835676,-0.009046438,-0.0038731215,-0.0029379046,-0.0026081805,-0.009374933,-0.007567667,0.002302751,0.00082903024,0.0012629695,-0.0070616035,-0.0073271724,-0.009253746,-0.004689601,-0.0030753086,-0.007155915,-0.005723246,-0.002909992,-0.008627292,-0.015029664,-0.0070124045,-0.0014872162,-0.004061251,0.0007832427,-0.0021139355,-0.005470866,-0.0075145126,-0.00037471933,-0.004408517,-0.0032287883,-3.862975e-05,-0.0013493828,-0.0054734033,-0.011177056,-0.0024852625,0.0025647546,0.01057302,-0.008391581,-0.011190369,-0.006373126,-0.0066136583,-0.0049755136,0.0003759426,-0.006534297,-0.0058274018,-0.004075659,-0.006800213,-0.00036966987,-2.4071433e-06,-0.008980225,-0.0029491724,-0.0018157357,-0.007855748,-0.0021948454,-0.0041389493,0.0056312494,0.0084132245,-0.0036561284,0.0011477016,-0.0061815185,-0.0077466937,-0.009012316,-0.007741169,-0.0015492791,-0.0012815878,-0.00794403,0.004315091,-0.0011188484,-0.0031549057,-0.0049300627,-0.0055725933,-0.0050129457,-0.0013598332,-0.009028262,-0.005707344,0.00054551923,-0.0031141473,-0.0044714883,-0.004697918,-0.0043372437,-0.004173806,-0.009009546,-0.009426668,-0.0024973138,-0.003403977,0.00069288234,-0.010324117,-0.00879576,-0.0065990137,-0.0046714083,-0.010634884,0.00116478,-0.0022419426,-0.010475211,-0.0010689666,-0.0066233203,-0.0068001375,-0.0053044683,-0.007786806,-0.0005971867,-0.0022935045,-0.0057200952,0.0028962633,-0.008746234,-0.0065035755,-0.0067194095,-0.0001581165,-0.008181901,-0.0012661902,0.008520365,0.0036774252,0.0039895508,-0.0060285125,0.00074855343,-0.010689721,-0.007356673,-0.00455968,-0.0014768647,-0.010252134,-0.0043597184,-0.0056621763,-0.008765426,0.0051947897,-0.00469792,-0.0042641168,-0.0054809256,-0.0016977959,-0.005110613,0.0015269702,0.00041423115,-0.009150738,-0.00047188578,-0.0014673943,0.0026401172,-0.0031580944,-0.003582621,0.0017038052,-0.004926489,0.0018126741,0.005361143,0.0007592594,0.004860688,0.0037940082,0.00089462806,0.0025184469,-0.003784302,-0.0066668205,-0.0054065986,0.0021096217,-0.004896316,0.0041390746,0.0024235677,-0.00200546,-0.0036671,-0.00315578,-0.006318119,0.0028271885,-0.0012954479,0.003306247,0.0012421868,-0.004536208,-0.0010661216,-0.002643517,-0.005960731,-0.0014078385,0.0019121027,-0.00850102,-0.0044892635,-0.0090557765,-0.0026923511,-0.002128573,-0.008581387,0.004815714,-0.0054159537,-0.005726039,0.00018877555,-0.001642927,-0.0050078724,0.0018978314,0.004999555,-0.005555225,-0.006872812,-0.008163041,-0.008993092,-0.008757657,0.0022722734,0.003175808,-0.001673132,-0.0075267935,0.0023071733,-0.0054054437,-0.005368152,-0.0017767007,-0.011466988,-0.008038191,-0.008914128,-0.0079573905,0.0075093587,-0.005951002,-0.004051789,-0.006552809,-0.0070017767,-0.00685013,-0.004398077,-0.008736394,0.0013608026,-0.0075670495,-0.006024103,-0.008848696,-0.0040824176,-0.0065297866,0.0068459245,-0.005859575,0.0073093995,-0.0024913386,0.005498416,-0.0077636484,-0.006441546,0.0039432626,0.0023169352,0.005414662,-0.0022815685,-0.007748828,-0.007200769,0.0006362823,0.001864301,-0.00140228,0.004164657,-0.002427153,-0.0047129556,-0.0037367102,-0.003642072,-0.0053724637,0.0006589928,0.008086683,-0.0051205354,0.00077884784,0.0001923919,-0.0036944991,0.00864712,0.00023683385,0.001184276,-0.0030933395,0.0054252543,-0.004148799,0.0033885515,-0.00093671406,0.003141291,-0.0015703734,-0.012108984,0.0028820839,0.0025105465,-0.00393968,0.004191978,3.2061813e-05,0.0065370016,-0.005194078,-0.003973052,0.007054454,0.0016982098,-0.0033568933,-0.0007162902,0.0033560279,0.009593326,-0.013900206,-0.0026966527,0.0059026433,0.0034784803,0.002161672,0.0072851684,-0.0008773866,0.0052276826,0.008981771,0.008364559,0.0028616872,-4.0828178e-05,0.0001591688,-0.002676249,0.004497895,-0.0011665158,0.0065773968,0.00013444966,0.008709369,-0.006102818,0.0042597693,-0.00010115091,-0.0026389433,-0.0032870718,0.0064322613,0.005873826,-0.0052415067,-0.005235273,-0.0028896923,-0.0034510905,-0.0065897396,0.0021308886,-0.014099924,-0.009348293,-0.0053208806,-0.0006048032,-0.0030991172,-0.00045333346,0.0072697466,0.0016824927,-0.0058604707,0.0017035719,0.0070736716,0.0076077757,-0.00051118404,0.013227506,-0.005744741,0.0038512445,0.0040555745,0.007611184,-0.005721834,0.005184884,-0.002321179,-0.0040826364,-0.0025645727,-0.0057903966,0.0023323926,0.002394328,0.0059017944,-0.008036068,-0.0019522342,0.0011321453,-0.0041869637,0.006117888,-1.6537364e-05,0.0068551567,-0.007371667,-3.137106e-05,0.0016673399,-0.005548009,0.0012540803,-0.007767506,0.010198568,0.004987117,0.008314728,0.010138813,-0.0070491796,-0.0065583116,0.0029088391,0.0033887157,-0.0012965815,0.0022065109,-0.0035933447,0.00059433887,-0.004454152,-0.0051160576,0.004556308,-0.004010937,0.0072114416,-0.0071296766,0.0066397944,-0.006412774,-0.0003733708,-0.0030444053,-0.010241424,0.00092508574,-0.0040180464,0.0015526761,0.005244804,-0.0073976694,-0.001591331,-0.0060466807,-0.00088616787,-0.0010219571,0.0035889714,-0.00069076335,-0.0026828249,0.0029413542,0.0032146731,-0.0047370186,0.0041297055,0.0017523861,0.01001963,0.0067544174,0.006229522,-0.0056904405,-0.0005068784,-0.0060772547,0.0028675462,0.0013399839,-0.002097604,0.0035116647,-0.0030638897,0.009089922,-0.0075677787,-0.0069984286,-0.0048828856,0.0026147235,0.00029354286,0.0039453586,-0.0002917234,-0.0040414687,0.010410324,0.00034029022,-0.0062617785,0.002836442,0.007988464,-0.0062966873,-0.0011331467,0.0009801462,0.00906169,0.00012399978,0.00043905046,-0.000805938,-0.0034523376,0.0059887096,0.005071276,-0.006457339,-0.0045258463,-0.005965079,0.0001492185,-0.0026704643,-0.0033301357,0.0024663075,-0.0060548205,-0.0036545827,-0.008890213,0.0025223668,0.004562559,0.0007853811,-0.0036130003,-0.0064407974,0.004011002,0.003725173,-0.009004384,-0.0014168624,0.004143767,-0.003390637,-0.008455164,-0.0051526087,-0.0029771982,0.0018785961,0.0010710234,-0.0057007745,0.005037565,-0.010282958,-0.0031271777,-0.00041060132,-0.00037168598,0.00281729,0.0045430283,-0.0044119856,0.0003399753,0.001960636,0.007303802,-0.00048811044,-0.0008015357,0.0021023334,-0.0015918283,0.0049957098,0.00686036,0.004088017,0.00861002,-0.010857825,-0.006672354,0.0042322734,0.0024301847,-0.007530543,-0.0062772958,0.010877132,-0.0012868274,0.0069298744,-0.003220662,0.0036794741,-0.008647421,-0.004030347,-0.0005421888,0.0040327683,-0.0046693804,0.007950268,0.002335913,-0.004947583,-0.00805599,0.008311519,0.0038747166,-0.004100701,0.001118359,0.002039491,-0.0065641855,-0.002103616,-0.002584666,0.009614885,-0.006190837,0.00045809982,0.00017780779,0.0010308553,-0.0043636323,-0.003933736,-0.0011680321,-0.00959527,7.701395e-05,0.0077482644,-0.00048300726,-0.008795321,0.0007500294,-0.0071730562,-0.009512947,0.009648556,-0.0038178198,-0.011183233,0.004210712,-0.0039628777,0.011938535,0.0025770876,0.0021785633,-0.00835613,0.0020401704,0.0066674785,0.012372132,0.0015485797,0.002136398,-0.0002980667,-0.0002456324,0.013530427,-0.0036999537,-0.0046154973,-0.0049714735,0.0057665277,0.0029736897,0.011203232,-0.0017556878,0.0033885972,0.0054447902,-0.009877578,-0.0009921379,-0.0038055195,-0.011545142,-0.000354744,0.0005156593,-0.0013785952,0.005281296,0.0011822515,-0.005705807,0.0047477493,0.0034924906,-0.0007793469,0.0024587319,-0.0069482108,0.0062703905,0.0053602885,0.0077972915,0.0037023446,-0.013002265,0.008248362,-0.0013212232,-0.0061706486,0.009682863,-0.0044777044,0.007800234,-0.004827284,0.0065309065,-0.010152128,-0.0037423086,0.009921657,0.0028501328,0.004372676,0.0011368694,0.0052296584,0.0045210863,0.004931444,0.003489884,-0.00578867,-0.00095649285,-0.003631258,0.0052796593,-0.00554427,-0.009766369,0.0031700658,-0.0014108962,0.0027633065,0.003565312,0.007886245,0.0034154474,-0.01048376,-0.0049779643,-0.006697761,0.00027794775,0.0007838629,0.00062116736,-0.006051482,0.0010916797,0.0067787003,-0.004778104,0.012513143,-0.0003735894,0.0012170449,0.00029798885,0.0046178293,0.0036295382,0.0040318547,0.005188356,-0.0055945353,-0.0056387326,-0.0029678652,0.0060964935,0.0028146263,-0.002521947,0.003966665,0.0016296416,0.014706027,-0.0030359966,-0.011761689,-0.0027596087,9.885778e-06,0.008588602,-0.009429189,0.0034078253,0.007338243,0.0048977598,-0.0016197818,0.0019826647,0.008974713,-0.0022529003,0.008056823,0.010499387,0.01328424,0.00075552124,0.005342319,-0.0026964592,0.0047296607,0.0040614223,-0.00061894284,-0.0021880239,-0.00042966905,-0.0031318108,0.0030121263,-0.0024757064,0.0062964885,0.00076192396,-0.0020900196,0.00050881965,0.0045991535,0.001950681,0.0033948408,0.0061223083,-0.00010367684,-0.0075262683,0.0030440714,0.0073581897,0.0134809455,-0.0057938276,-0.00070688204,-0.009754694,0.0021067776,0.005633598,0.0014081331,-0.00028553695,0.007685093,0.0028184294,0.0035500866,-0.014733865,-0.00596774,-0.0040128655,-0.0013675248,0.010302633,-0.0053696847,0.0033398846,0.0024514908,-0.0010423843,-0.010448813,0.004461051,0.007300204,0.004544936,0.011910105,-0.0030002908,0.00016176261,0.006435317,0.009366187,0.0035547959,0.00210668,-0.0064007957,0.0019367193,0.003662167,0.01313189,0.00547346,0.008224378,-0.003053304,-0.0013818148,0.00299278,0.002067097,0.0029995535,-0.011449573,0.00048035345,-0.0025310388,0.008597062,0.00046266624,-0.0030177203,-0.0052780877,0.008731028,0.0053465576,0.003923094,0.0015079655,-0.004537871,0.0057257595,0.008129791,0.009346308,0.0023829455,-0.010399734,0.0076166824,-0.0040037027,0.0040272106,-0.0005211382,0.00204723,-0.0011070336,0.0064654197,0.000156491,0.003907705,0.0039146445,0.001804504,0.009316796,-0.007007637,0.0042588077,-0.0022064762,-0.0031519793,-0.00089766213,0.0015628443,0.0017242784,0.001237337,0.0040792665,-0.0077298973,-0.00017540806,-0.010485922,0.0056720655,-0.0039507947,-0.00315225,-0.004786795,-0.009158558,-0.0027657538,-0.0030147503,0.007922408,0.009654165,-0.0008418132,0.00014043358,0.00588442,-0.0009849822,-0.0011593907,-0.002647428,-0.0029203955,0.004097631,-0.002496418,0.0053276,-0.004858573,-0.00080212834,-0.002174516,0.0047007916,0.004803866,-0.0006156012,0.0074988715,-0.0007601198,-0.006690624,0.0009673049,0.004341468,-0.002397744,-0.007331244,-0.0061738347,0.0068471343,0.0037600514,-0.0013997597,0.0012810228,-0.0066991663,-0.0047782715,0.0081794495,0.0017403532,-0.007378842,0.0038492589,-0.0019147974,0.004400462,-0.0056461208,-0.0031511337,-0.0018988043,-0.007841577,-0.008909593,0.0019009745,0.0036191228,-0.0043766988,-0.003482188,0.00143151,0.007064113,-0.006999285,0.0022501291,0.0016555596,0.004665202,-0.010488903,0.011390824,0.0031630802,0.001728787,-0.0018460318,0.006975983,-0.0024058518,0.003868669,0.0028012756,-0.010183412,0.002597823,0.01155265,-0.0013640836,0.007211803,-0.0010505044,0.0022924896,0.0025959758,0.008099769,0.0037643807,-0.0012208004,0.0014782314,0.001004327,0.0052364767,0.002811726,-0.0023358418,0.0027719154,0.0021023494,0.0024651983,0.005735277,0.0009879114,0.0036970205,0.0042799045,0.008496814,0.002795421,0.0041772835,0.0018649163,0.008598299,-0.0013246341,-0.002329775,0.0049334094,-0.008311424,0.00307392,0.0037464832,0.010236397,0.008799756,-0.0057113743,0.004531658,-0.006806798,-0.0039337897,-0.0039118794,0.012530642,0.006353006,0.003886706,-0.0018011623,-0.0018043127,0.0049460707,-0.0023761964,0.0073977425,-0.0015876469,0.00020241537,-0.002727418,0.0038828726,0.0055329264,0.0052380487,0.006441514,0.0069903485,0.0131436335,0.006796151,-0.0027088325,0.008451664,-0.0030608785,-0.0040518637,-0.0026075104,-0.0017086534,0.004085777,-0.0033448436,0.004876635,-0.00040345304,-0.005134321,0.004026944,0.0064950814,-0.01228843,0.004306007,0.0036731204,0.0017912664,-0.0008841056,0.004005744,0.00280867,0.0033006724,0.0061682644,0.0026420988,-0.002163573,0.00075027364,-0.0006792092,0.0059976717,-0.00995073,0.0016755791,0.008995832,-0.006320721,0.004234998,-0.0037774795,-0.00035830477,-0.0038706963,-0.0058995695,-0.00062303874,0.0046711736,0.0009011575,-0.00024105307,0.010586891,-0.008919114,-0.0037848225,0.0014155812,-0.0037575525,0.0061516417,-0.0041642557,0.0030324964,-0.004747688,-0.004325045,-0.0030023127,-0.0022466162,-0.0017711527,0.010360484,0.011072557,-0.0006804814,-0.009722939,-0.0078033525,-0.0038595423,-0.00068137853,0.006085695,-0.0016822749,0.0016048306,0.0012528576,0.003500959,0.00041921812,0.0025788809,-0.002693063,-0.0027255293,-0.008771244,0.0018071532,-0.00820367,0.00060129305,-0.007249131,0.0054224636,0.010480163,-0.00749563,-0.003346528,-3.924445e-05,-0.0071283244,-0.0058523444,0.007919603,-0.0030025921,-0.0008572462,0.0038771387,0.0012127064,-0.0055834306,-0.0045202975,0.0029886512,0.0008497706,-0.008073725,0.0032251335,0.0022077502,0.0011653111,-0.00082785194,-0.0006111472,0.00031376752,0.008634721,-0.0040624603,0.0028942656,0.00020730322,0.007955049,0.010362709,0.0068653785,-0.0041676057,0.001009256,0.014716959,0.010788788,-0.005840285,-0.006711984,0.007188134,-0.00935403,0.010358561,0.007659238,-0.0022597224,0.003215491,0.006005677,-0.0011560504,-0.009448913,-0.014750835,-0.014192112,-0.010377929,-0.00016431442,-0.0033950338,0.006191855,0.0039273556,-0.0027432642,-0.0038397356,0.0065994365,0.010854508,-0.010171766,-0.0008736187,0.006927556,-0.006680888,-0.00042106322,0.0044121533,0.003100549,0.0021304947,0.0004292604,-0.0010034436,-0.002102881,0.0043579843,0.010678037,0.0020996404,0.0020967314,0.009675581,-0.008570227,0.005633859,5.9407364e-05,0.0014553326,-0.0055665406,-0.0012833929,-0.0026933888,-0.0024378432,-0.0012995806,0.010465011,-0.003683735,-0.0018591762,-0.007425808,-0.0022511303,0.009611945,-0.004567159,-0.005237254,-0.0043402733,0.0042794324,0.0037542433,0.006596195,0.014160179,0.005531385,0.008912141,-0.0010561245,0.0032710568,0.0006311704,-0.009106632,-0.0053699925,0.008064927,0.006725501,0.005901983,-0.005332316,-0.007904808,-0.007738666,-0.00060693856,-0.0017033844,0.0013939793,-0.0064254105,-0.00021447786,-0.0051827603,-0.0046219514,0.008404148,0.0074283625,0.0046617123,0.0051008337,-0.0013670152,-0.004054873,0.0014449565,-0.0037148127,0.008174588,-0.00036538206,-0.003791261,0.012207504,0.009628066,-0.0077024586,-0.00019490591,0.0042162766,-0.005231616,0.004946437,0.009295284,0.008152589,0.002760237,-0.008980795,0.0010036646,0.006509412,-0.00070792245,-0.0021021874,0.0062890607,0.008387506,-0.010343858,-0.006930904,0.011636743,0.002353411,0.0045444802,0.0030931388,0.002042701,0.008587565,0.0010085334,0.0018119527,0.005582394,-0.0059415367,-0.008121167,-0.0044052387,-0.0018504455,-0.00074558874,-0.00501515,0.0054108696,0.0038345368,-0.007623921,-0.0071022343,-8.296226e-05,0.0053698276,-0.0028528194,0.0046005207,0.012801532,0.003957138,-0.00017224581,0.009092812,0.0007639413,-0.0020076176,-0.00056173804,0.0032883699,0.0058553526,0.00031463784,-0.0021952156,-0.006246651,0.005330366,-0.0011629272,0.00019076106,0.00077944767,0.018767036,-0.004280079,-0.003481199,-0.008003662,0.002760346,0.005487091,0.0031388735,0.0034923707,0.0061142202,0.0050931997,0.0036078428,0.0014161214,0.0030057882,0.00494329,-0.0018832706,0.0019141798,0.0069274465,-0.0004539139,0.0013347998,0.0035502,-0.0023664322,0.00051728915,-0.0034526668,-0.0004043326,0.012763052,-0.0046082567,-0.0020979778,0.0018150626,0.0017010275,0.0035819097,0.0023236962,-0.0046005542,0.0031473893,0.001166963,-0.005511366,-0.002269762,0.0020588376,0.0028034442,-0.003614316,-0.00064928073,-0.0034660446,-0.0068067787,0.003857576,0.0033687723,0.0037652368,0.009359345,-0.00077010744,-0.0009077579,0.0024589126,-0.0026529108,0.0060798503,-0.0020085187,0.009497092,0.002779301,-0.012634133,-0.009740402,0.0052103796,-0.001638981,-0.0086040655,-0.0012096999,-0.003865901,-0.008697737,0.0067729666,-0.005251602,-0.00040248412,-0.00089600007,-0.008217187,0.0052264496,0.004418803,-0.0137658445,-0.0047312523,0.00916868,-0.0023619123,0.0012395956,0.00607281,0.0075094714,0.00422332,-0.00022902408,0.0043794853,0.0019801764,-0.011191694,0.0090104155,-0.0013176865,-0.0031203981,0.0089775445,0.0013382774,0.002074144,0.0030688725,0.0070194374,-0.01302894,0.0028808196,-0.0064266673,-0.00014653342,-0.0064525604,0.0014164654,-0.00045346026,0.0015680653,0.0015408673,-2.670256e-05,-0.0120806005,0.0005161541,0.004995712,-0.0014286871,0.006898883,-0.011468941,-0.0045626075,-0.0032350305,-0.005926185,0.0070138723,-0.013906709,0.003598913,0.0007698993,0.0061834073,-0.003812238,-0.0065838634,0.00079929153,0.00010801221,0.0062102973,0.0024100845,-0.0027951733,-0.0031425778,-0.0036718866,0.0016307425,0.0063722953,0.0013961373,-0.0029789153,-0.0004010259,0.0060281716,0.0042977734,-0.002951354,0.0022557962,0.0071160765,0.003571193,-0.008932426,0.0014137655,-0.0007151831,0.0075070434,0.0036268022,0.0038800158,-0.007437684,-0.0022995179,-0.0042975103,0.0031559987,-0.0021564923,0.005289125,0.00056944933,-0.001867103,-0.0038434272,-0.0027555542,0.0033352182,0.007583021,0.0059531466,-0.013270504,0.0031609472,-0.005726219,-0.0017883192,0.006551967,-0.005595335,0.0031152654,-0.00062169984,0.006122694,0.0080961995,0.00093284954,0.001988242,0.008619005,-0.012015984,0.00211462,-0.0043438254,-0.009512913,-0.0037106185,0.00018579696,-0.00489115,0.0011093393,-0.008443105,0.005878609,-0.0050339038,-0.010530772,0.0031014686,0.008520439,0.008616873,-0.011667819,0.000854165,-0.0026412779,0.002037677,-0.005345441,0.0019365344,-0.0071007004,-0.005510258,0.0078048618,0.005393519,0.005624886,-0.0030284913,-0.0009078667,0.0147594,0.005233155,-0.00876701,-0.005521524,0.0014571294,0.0076187886,-0.00071489543,0.0028065662,-0.012854869,-0.0003748746,0.0054860334,0.0035399168,0.0036200697,0.00018416326,0.001853201,-0.000308399,0.0010611716,0.0015377845,0.0005444186,0.014451435,-0.0021988738,-2.9084873e-05,-0.00148322,0.004681228,0.00095905236,0.008897381,-0.00857488,0.0013922871,-0.007977198,0.005852738,-0.007405458,-0.0029489128,0.0007450601,0.00090908556,-0.004556275,0.006389169,0.010306281,-0.005109122,0.0035673468,-0.0009824167,0.0027110167,0.00026188773,0.007063429,0.00068934937,0.0019197762,0.010013,0.008677505,0.0022819894,-0.0014403329,0.012612672,0.002102911,-0.006690838,0.006668155,-0.0027283481,0.0032818099,-0.008180858,0.0024793395,0.0025256341,-0.0072820634,-0.0048143687,-0.015087688,0.0024994037,0.00646247,-0.002545236,-0.00066462415,-0.0013015931,0.0073268516,0.005463272,-0.0046213185,0.01027061,0.0068066223,0.0011240912,0.009098722,0.0023332003,0.000531299,0.002442471,0.0061633307,-0.0024354735,-0.010664704,-0.0035257062,0.003540864,0.0056290296,0.008268968,0.00161666,0.0040164315,0.004199243,0.0015634045,0.0017075333,0.004337545,0.006320847,0.0023538552,0.0041748737,0.008720278,-0.00070696446,-7.66332e-05,0.00048357833,-0.0050629247,0.0068770726,-0.0065228743,0.004318559,-0.0010076574,-0.008999772,0.012157227,0.004656806,-0.0006196741,0.0035902231,-0.005322297,0.008936961,0.0020510417,0.0035518035,0.0012953824,0.00385937,-0.0024304385,-0.00023160226,0.005952148,-0.0044865026,-0.007126613,-0.002536678,0.0028559875,0.008629606,-0.008158343,0.006415703,0.010055447,-0.0037317416,-0.003316319,0.010247502,0.0010072226,-0.01035125,0.010158178,0.00435311,-0.0019269835,-0.011196646,0.003027455,0.003898674,0.008649668,0.007297518,-0.0035361073,-0.004006946,0.0034573202,0.006129635,-0.005311165,0.0048237885,0.0068328762,0.004395455,0.0050605955,0.00049940357,-0.0015560844,-0.0041927407,0.013220079,0.0016631329,0.00023917301,0.0015031929,0.003280318,0.008159292,-0.0036373613,0.0010616988,0.00497056,-0.0032666542,0.010509522,0.0077753095,0.0021900318,0.003714923,-0.009350717,0.006603172,-0.0001748096,-0.001028115,0.0037909593,0.0047633005,0.0032533235,-0.0040232446,0.005071743,0.0050845975,-0.0010634927,-9.861913e-05,-0.00410422,0.0020006655,-0.0053148987,0.00057674816,-0.0014354486,0.009923045,0.0037109465,0.0027428153,-0.0034396583,0.0014160898,-7.6119336e-06,-0.008654293,-0.006811998,-0.0061489693,0.0052674985,0.00035238496,0.009478523,-0.004448325,0.001839492,-0.0077631003,0.0021490077,-0.0051960936,-0.011327261,-0.0029654661,-0.003690517,-0.008220257,0.0008388569,0.0014863911,-0.0075115585,0.005057964,0.0041017677,-0.0039331964,-0.0015456337,-0.0024315233,0.0030968036,-0.002828337,-0.0005454646,-0.0045511546,0.009049202,0.0012038293,-0.0021877624,0.009933329,-0.0028565065,-0.00022830398,0.01386629,-0.008754885,0.0023308897,0.005644779,-0.007152469,-0.005960533,0.006851015,0.007219991,0.008408213,-0.006218094,-0.0019777555,-0.00033510124,-0.0037159165,0.00035783503,0.0033893988,0.00087159965,0.0017127622,0.0012887778,0.001926398,-0.0027650343,-0.0005171977,-0.0031145196,-0.0015506231,-0.0043322565,-0.0130349845,-0.005368643,0.0025359245,-0.00032072866,-0.0030642487,0.008743247,-0.005663723,-0.00105102,-0.004111139,-0.0031562408,0.0083969105,-0.00040731227,0.0024657692,0.001436313,-0.00894016,0.0035514946,-0.0023842398,-0.005230293,0.004437184,0.003506501,0.004370994,0.00015439349,-0.0023253337,0.004755545,0.0025428582,-0.00604163,-0.002902521,-0.0022197098,0.0005032915,0.0025871228,-0.0039386204,-0.0029643234,-0.00990463,-0.0023290757,0.0010779712,-0.010379302,0.0010924677,0.0016129635,0.001386681,0.009912489,-0.0035146445,7.163948e-05,0.000307111,-0.0101787755,0.00068284484,-0.00082495954,-0.0028283165,-0.00013506654,-0.0007155349,-0.0015389201,0.0021020754,-0.0001846465,-0.013036959,0.011091622,0.0011994508,0.0033683514,0.0022790409,-0.008143732,-0.00093893724,-0.0028229982,0.0015236053,-0.0015215806,0.0059650457,-0.011579918,0.00805007,0.0027455513,-0.0020714237,-0.006162031,0.0028698458,0.009010698,-0.001219561,0.011568013,0.0038631018,0.004464065,-0.00071343407,0.0015201806,-0.0010632375,-0.0028018698,-0.0018612335,0.0063917805,0.011078226,-0.00090996333,7.476918e-05,-0.011249595,0.00632589,-0.006838964,0.008141275,-0.0067975544,-0.0019718513,-0.0021754738,0.0019154428,-0.010822271,-0.0015246837,-0.008932892,0.010843748,0.005476613,-0.005202376,-0.00394011,-0.010618012,-0.004114488,-0.0029444655,0.0037669654,0.0058494974,0.0045492086,0.004000333,-0.001493869,0.0027843472,0.0013874816,0.0064167026,0.009539224,0.00585576,-0.00022785073,0.004925846,-0.007894668,0.0025554153,-0.00060789176,0.0051775645,-0.006185903,0.0073950454,-0.013839049,0.0018548814,-0.0027033603,0.0015404702,0.008010467,-0.0017284447,0.0037489322,0.007615897,0.0055810777,0.01233364,0.007149208,0.003142705,-0.010389946,0.0029996256,0.0026835466,-0.010899563,-0.0044805785,-0.00539475,0.0024956677,0.0074671158,0.00651119,0.004754354,0.0036773107,0.0022235983,-0.0060570864,0.0044811876,0.0011544554,-0.003750971,0.007085205,-0.008275671,0.0019769366,-0.00065989484,0.005113983,0.002533523,0.007906852,-0.0030941006,-0.0027480812,-0.0009855864,0.0005310582,-0.0004412722,-0.0020420232,-0.004118779,0.010030501,-0.011468152,0.0049434975,-0.0009347715,-0.0039564697,0.01043,-0.0016347839,-0.0008087544,-0.008741036,0.0046093077,-0.0016798865,0.003424128,0.005287301,-0.0005746949,0.006141477,0.0036999045,0.0080685355,-0.0010710993,-0.0028363003,3.3033313e-05,0.0066058557,-0.0069299843,-0.0023944199,0.00618517,0.011214671,0.0040262556,-0.010272968,-0.0009219726,0.0022676159,-0.00329116,0.0011137167,0.0037101589,-0.00052899984,-0.0020472028,0.005182838,-0.0007811463,-0.0052145696,-0.0073173046,-0.007351375,-0.0017223028,-0.0016191044,0.010880762,0.009749864,0.009664523,0.0031361303,0.008533707,0.007465674,-0.000410741,0.00591097,-0.0019959826,0.0020940474,-0.0056045186,0.009545308,0.0005721554,0.012741273,-0.00044066645,0.00030366966,-0.0051132706,0.0016344805,-0.0012418044,0.008182468,0.0015279826,-0.005888608,0.00335525,0.0072136633,-0.0024747616,-0.0065168743,0.0010615683,0.0004772011,0.00040283526,0.0011689599,0.001477829,0.0036589433,-0.0012663247,0.0045099887,-0.0010781948,0.0056258547,-0.006223584,0.0074314456,-0.008788701,-0.0022456266,-4.224726e-05,-0.0012531317,0.0008217042,0.009422245,0.009817266,0.005329176,0.009093144,-0.011065369,-0.013119595,-0.002866083,0.0029838092,0.0030050804,0.007803688,-0.0048355456,0.0020832955,0.0066899653,0.0018513395,-0.0062643625,-0.0007737096,0.0012573384,0.0056841834,0.0052811084,-0.008066745,-0.002921054,0.012126233,0.014544148,-0.002757629,0.004865481,0.004063263,0.00085749297,-0.0039289016,0.00011115443,-0.015643762,0.004088228,0.0035910362,0.0012837136,0.0054324493,0.0020122135,0.007402348,0.0069301375,0.0060012704,-0.0010896882,0.00035512846,-0.0019788933,-0.0037019802,-4.8570793e-05,0.0011688633,-0.004700196,-0.0065576285,0.0083643645,0.003949847,-0.0021059243,-0.004947533,0.010288529,0.004086584,-0.009017432,0.0008023063,0.0016144675,0.0033452448,0.0033795226,0.0030798162,0.0021965883,0.004745038,0.003593293,0.0014154393,-0.008785171,0.003251004,-0.0040671444,-0.008026376,0.005411356,-0.007759138,-0.0069752736,0.008853635,-0.0030515536,0.00037388192,0.0015176763,0.00059564406,0.009133986,-0.0010250856,-0.002024154,-0.0063893516,-0.0029242844,-0.0072970632,0.008171222,-0.005698914,0.003618402,-0.005743036,-0.0008522328,0.009261143,-0.0019278777,-0.0036181815,0.006420561,-0.0031246839,-0.0016889265,0.01006716,0.006359956,-0.008050512,0.0020731154,0.00149192,0.0049838964,0.006233129,-0.00499947,0.0014669084,-0.0041233595,-0.009101062,-0.007098824,0.0026887446,0.004994339,0.010661187,0.0065611973,0.005043396,-0.012065555,0.009204187,-0.004231616,-0.0038528508,0.005529338,0.0024345547,0.0037183776,0.0018605536,0.0019981985,0.008083408,0.0038504433,0.002501173,0.0021927652,0.0025679916,-0.008098008,0.002250529,-0.006046126,-0.0032218066,0.0074376045,0.004174538,-0.0023864524,-0.0005904028,-0.010099668,0.0055048605,0.005590247,0.00046824678,0.0044324887,-0.0029916028,0.013686492,-0.004105857,0.0009042001,0.008321593,0.0017076657,-0.003769599,0.01320708,0.0006447713,0.0019287365,-0.0107265245,-0.0048972075,-0.0068529868,0.011659157,-0.010109858,0.0015005661,-0.0010129948,-0.0064485343,-0.0003951766,-0.018186014,0.003813691,-0.010852322,-0.002430953,0.006640468,0.011499028,-0.0029220483,-0.003116316,0.0012441536,-0.006475304,0.00078518497,0.0061683888,-0.00792792,-0.008016731,-0.0010080244,0.010443744,0.006450708,0.004405982,-0.0070133796,0.0026773459,0.0024951445,0.0057784584,0.003814885,0.0020993554,0.004040033,0.00018792933,0.008877146,0.0037544433,0.0028740158,0.0010484695,0.0021176345,-0.006377561,0.007298373,0.0042281803,0.0059795165,0.004495113,0.005223457,0.007858455,0.012935729,-0.008390506,-0.00040425986,0.0155500285,0.0012841751,0.005258495,-0.003131869,-0.001676553,0.0047872122,0.00080365886,-0.0008575969,-0.0010020431,0.0035040912,-0.00874554,-0.005980347,0.009870514,0.00091951765,-0.00645255,0.011295882,-0.0009737891,0.004606808,-0.0003147065,0.001893736,0.008202699,0.0073574283,-0.008895726,0.0039068637,-0.004160437,-0.0058322507,-0.0031664758,0.0045382665,-0.0018116133,0.00401716,0.0019866945,-0.0016752846,-0.004122425,-0.006259275,-0.0017417191,0.006528082,-0.010173837,0.00085614546,-0.007024533,0.0022521704,0.0011707204,0.0003481827,-0.0005158924,0.0027367545,0.0057883607,-0.0013204233,0.0027499383,0.010768713,-0.002381704,0.0038897807,-0.005058243,-0.0014675865,-0.0030500595,0.0057939165,0.0007791505,0.00068690605,0.0013665087,0.007789502,0.0031303717,0.0064575057,-0.0036374575,-0.0030037442,-0.0005759574,-0.00083314604,0.0022544495,0.0008811618,0.0029043022,0.00016634392,0.0059417663,0.0038741038,0.0058768108,0.0041015237,0.00050040806,0.001128128,0.0025520802,0.0058762864,0.0038850845,0.002672386,-0.0032804348,0.0054392153,-0.0071313353,-0.0059607,-0.0019936473,-0.000958978,0.0012344846,-0.0031598078,-0.0062648933,0.0053146337,-0.002202686,0.0032071036,0.01208684,-0.0037291327,-0.0076771206,0.002639869,0.0066733155,-0.004906289,0.001936585,0.006149047,-0.0035181732,0.0020464526,0.0020187485,0.0054059476,0.0063458527,0.00045824397,-0.0006603842,0.0041979835,-0.0015524705,-0.005390856,-0.00488748,-0.00907739,-0.005756135,-0.0022104762,-0.0014552369,-0.0050869035,0.0021210802,0.0044757007,-0.0053662015,-0.007135381,0.004878474,-0.0139494175,-0.0029235613,0.0040691444,-0.003783297,-0.0018741073,-0.0018004939,0.0060658776,4.6858804e-05,-0.001821358,0.008789434,-0.0007052993,0.0077852784,0.0066751293,-0.00978381,-0.0019615553,0.0007703307,0.0012760833,-0.009175847,0.005401199,0.008576263,-0.001391003,-0.0047802,-0.0011857214,0.0033580833,0.006853237,-0.0041240053,-0.0065808883,0.0006838761,0.004586333,-0.0076788827,0.0047307983,-0.004958213,0.0035216105,0.00858933,0.0022521005,0.00085850764,-0.0053208345,0.00848676,0.000265348,-0.004565613,-6.67082e-05,-0.008080969,0.013326724,-0.0028595324,0.0044640293,0.006865195,0.0052104727,-0.000476972,-0.002226949,-0.007163926,0.0022345514,0.004872362,0.002730462,-0.010480436,0.0037823257,0.000114717186,0.008059715,-0.0040343413,-0.013331741,-0.012196642,0.00090926245,-0.00040369094,0.0064566364,-0.0104822805,-0.004895451,0.00804953,0.004679352,0.0041798716,0.0007223004,-0.0058008344,-8.703887e-05,-0.0036662964,0.004049949,-0.013428385,0.0061571584,0.0043707574,0.0019050898,0.004087578,-8.943887e-05,-0.010663949,0.0029026624,0.0017173901,-0.0017992328,-0.008945599,-0.0031289002,0.004873181,0.0056321304,0.005990175,0.0040593273,-0.007514346,0.005771243,0.0058007617,-0.003659078,-0.006205328,-0.0041569425,0.0022487056,-0.0038631554,0.0047736824,-0.004506512,0.0068821847,0.008355736,-0.0045076446,0.002836023,0.0032682475,0.006558003,-0.008924776,-0.0006504075,-0.0063383235,0.006530081,-0.005173224,0.009879526,-0.0048287045,0.006720944,0.0077242428,-0.0016477179,0.0013320519,-0.007255181,-0.0055350345,0.006936676,0.008086769,-0.010120344,0.010450593,0.002927308,0.008730389,0.0005361877,-0.0018662855,-0.008626658,0.0035335375,0.0041109575,0.0030109691,0.005257759,-0.008258696,0.0019109983,-0.00017015207,-0.0069750203,-0.004424426,-0.003389861,0.0042337785,-0.0067565073,0.004600567,-0.010351591,0.0019216826,0.0061000334,0.0012660262,-0.0075049517,-0.008459339,0.0061780573,0.00058908045,0.006996624,0.0042908667,-0.017717378,-0.001204336,0.006173218,0.004985054,0.0017884009,-0.0032665557,0.0061064186,-0.0024891805,0.0017707194,-0.006651299,0.0007836996,-0.003942021,0.0046359156,-0.002602015,0.0051507014,-0.0076968605,-0.002391212,0.0011174781,-0.0095615955,-0.013686123,0.0040762606,-0.00088729063,0.0060062227,0.008838876,0.0032764534,0.003308693,0.0010025129,-0.003138826,0.018292066,0.0012814375,-0.0011589751,0.0025269676,0.0104672145,0.0027262843,0.00027204753,0.0011531041,-0.0019934885,-0.0031605728,0.008434831,-0.0067080045,-0.0008568873,-0.006903145,-0.0010073832,-0.00840213,0.003959115,0.0024473218,0.0042987564,-0.0044819056,-0.004928067,-0.004585722,0.0034715564,-0.009081422,0.006009896,-0.010113967,-0.007171499,0.0016089802,0.011891443,-0.0035075995,0.0002683595,0.00049138314,0.0009670395,-0.0015081853,-0.009727727,0.006513635,0.00058479444,-0.00038668266,-0.0042981827,-0.0006334158,0.008192499,0.0019070737,-0.00067089894,0.0058778995,-0.00036728694,0.0043713893,0.0027459867,-0.0064569633,0.005824002,0.004564667,0.009455344,0.005135811,-0.0005156065,-0.004282598,-0.0023332585,-0.0034999899,0.008452995,-0.013541817,0.004900005,-0.0019784502,-0.0112080965,0.007817763,-0.0047684945,0.004002759,-0.0010671635,0.01237991,0.0056947973,0.0026434513,-0.00031606975,0.0028968365,0.00011264154,0.0017911773,0.0037344324,-0.0032295769,0.0030059167,-0.00083124434,0.0036312381,0.0041706623,0.0011828361,0.003293617,-0.007186865,-0.0003065112,-0.0012028707,0.0066455486,-0.0020495444,-0.0004668435,0.009549681,0.009797705,-0.0036550183,-0.004354164,-0.0058654174,0.0020530424,0.004927445,-0.0016443951,0.0011163617,-0.00029481942,0.005210632,0.008845114,-0.0034602073,-0.010721992,0.003476687,-0.0027328,0.00480857,-0.0011539824,-0.008667533,0.00032986235,-0.0069055515,0.0050441567,0.0055608344,0.0052187247,0.008929756,-0.0029380268,0.0038675757,0.008981822,0.005836769,0.00295823,-0.006008029,-0.0041740653,-0.00024146802,0.0035712738,0.0013919148,0.011867562,0.0017261207,0.0038371042,0.010424496,0.0062984163,0.0051935846,0.0005303052,-0.013298324,0.0014824633,0.008214737,-0.0044475906,0.0015230131,0.0015568086,-0.007813395,-0.003369429,0.0035817781,0.007960516,-0.0031125012,0.003909881,-0.0062568253,0.0070106303,-0.008123332,0.0076954407,-0.006221525,-0.005418177,0.0017527437,-0.0048043616,0.0060829977,-0.00029853155,0.0058405492,-0.006590852,-0.00023453153,0.011454095,0.0071945037,0.003387386,-0.0031801031,0.0011756535,0.008468764,0.0055013136,0.0037802684,0.0030547155,0.0044291317,-0.002511327,-0.0040069385,0.011066757,-0.009148062,0.0057919114,0.0020408258,-0.0047761085,-0.0040493887,-0.0024463774,-0.0039512385,0.0010860552,0.004680096,0.0068524643,-0.002280922,0.001805326,0.00047512827,0.0021137018,-0.0005682404,0.0040346608,-0.004941876,0.008039424,-0.0043375646,-0.005736943,0.006312287,-0.006031394,0.005270345,0.0037072129,0.0005455421,-0.009375424,-0.008493216,-0.014104382,0.00029402276,-0.0035869305,-0.0034618475,0.0094421785,0.0036152147,0.007895836,-0.0034243204,0.008263054,0.006929269,0.00025622203,0.0058645885,-0.008179443,0.0005823575,0.0029368475,0.00028773828,0.0018972611,0.0057405853,-0.0029772506,0.0076701962,-0.00045353934,-0.0046340525,-0.007192799,0.0018771342,0.0063509606,-0.009413402,0.004485824,-0.0032546045,0.0052833105,-0.002316613,-0.008586365,0.0036661315,0.0128916055,-0.0066680047,-0.0051264586,0.0038889903,0.0024767602,-0.00047712843,-0.0037787692,0.004200038,0.0009103129,0.0072648497,0.0010925058,-0.0045110993,-0.00056393817,0.00065666385,-0.0018712622,0.0057793455,0.0129984915,-0.002059915,-0.0023585835,0.0063096634,-0.003617286,0.004045583,0.00069808925,-0.0006951515,0.0017895548,0.008050963,-0.000591163,0.0006119602,0.0023563092,0.005704584,0.0055801673,0.0005653739,-0.0099548185,0.0028553244,-0.004375769,-0.0004503556,0.0010339384,-0.0042776144,0.010327901,-0.0033546563,0.0013293013,-0.011408522,0.0019489363,0.0054002036,-0.000347609,0.00026911512,0.0055823373,-0.004860826,0.0072717676,0.0009543418,0.0023934594,0.0067012873,-0.0024389944,-0.002160239,-0.004928644,0.00080808887,0.008099855,-0.0012154548,-0.000352306,-0.0008950969,0.008259411,0.0020749837,0.0038002648,-0.0071999133,-0.0051552234,-0.0018233038,-0.0008675217,-0.00849634,0.0063870135,-0.0058468655,-0.008086163,-0.0015509885,0.0041113435,-0.0025909715,0.0008302,-0.004096317,0.001988163,0.00605023,-0.004152819,0.0055681043,-0.0019936524,-0.00128579,0.006750967,0.0053570955,-0.003980461,-0.0151244495,-0.0021334153,0.0033243976,0.0030197087,0.0052853697,-0.0038832675,-0.0049989503,2.0483429e-05,0.0053322758,-0.0052532637,0.002138479,-0.0040097716,-0.00018769247,-0.009882804,0.0056271106,0.005871376,0.0037987737,0.006563611,0.0051928135,-0.0046394267,0.0021398433,-0.008948416,0.002195216,0.004883602,-0.0051199608,0.0021931306,-0.010333262,-0.00088510686,-0.0015546113,0.008389331,0.00024159883,-0.00171068,0.008280538,-0.00072859915,0.0018149833,-0.008770369,0.0011665444,0.005395055,0.003450653,0.008140598,-0.008038607,0.0050619417,-0.0010095232,0.0015685202,0.006187627,0.0041031204,-0.00017011998,0.0090270545,0.007154607,-0.00023734423,0.006558094,0.0035521614,0.005118312,0.002401546,0.0010996962,0.0077198357,-0.0033402308,0.00037308142,0.0004198261,0.0009330344,-0.0035593037,0.0050781355,-0.0025050184,-0.003031669,-0.004331939,0.004301994,0.009371378,0.0042472007,-0.003338728,-0.0033802236,0.00021692786,0.008298908,0.009478783,0.0024906537,0.0036571422,0.006387952,-0.010966965,-0.008595039,-0.0011206187,-0.007556053,0.0022225855,0.0018975331,0.0022371367,-0.009823307,-0.0018574845,-0.010008445,-0.0030386236,0.00013272336,0.0034877926,-0.0026329032,-0.0010776871,-0.006256937,0.001216126,-0.006408307,-0.0049487427,-0.0034052948,-0.0041178064,-0.0035690824,-0.0034025132,-0.0009388086,-0.0037113158,0.0061853034,9.695336e-05,-0.0028344383,0.0041670194,-0.0045553623,0.0005880025,0.0012586681,0.007859796,0.01039559,-0.010039968,-0.0118994955,0.012308797,0.006638407,0.0022129405,-0.00019761139,-0.0034609789,-0.009590023,0.0035043252,-0.0031019829,0.0072303643,0.0057525015,-0.0036316894,0.0061882273,-0.0040094606,-0.0076279575,0.004004274,0.00060655305,-0.0044823424,-0.0017679153,-0.0015716332,-0.00080512685,0.0033742164,-0.005387416,-0.0107976515,0.0064947223,0.007994551,0.007830032,0.011035466,0.0006130516,0.007026997,0.0029592977,-0.0009739205,0.008645188,0.0010164165,-0.0036018114,-0.0027432968,-0.00841039,-0.0026213208,-0.00077989954,0.005536492,0.0076676994,0.0039104214,-0.0051967925,0.010516971,0.006175272,0.00043081862,0.0028288302,0.007779893,0.0026447999,-0.0066660256,0.016580967,0.0047293296,0.006488373,0.0061014104,-0.007868467,0.006592889,0.00604779,-0.0025623739,-0.00028440318,-0.00050483143,-0.010091301,0.0011477375,0.0010686994,0.0022830374,0.001311573,-0.0040299627,0.0074570137,-0.0011763116,-0.007753493,0.00040816283,0.00835394,0.001373524,-0.008338107,0.0035847046,-0.0017129347,-0.0032506208,-0.0015240215,-0.0086128265,-0.002507896,0.008030093,0.0054800725,0.00020034355,0.00097637635,-0.0014571868,-0.00055942737,-0.0010281599,-0.001002349,0.0043316544,-0.0034676553,-0.0075141857,-0.006478848,0.0008181348,0.001128447,-0.0023972474,0.010337061,0.0009770748,0.005471018,-0.00047103578,-0.009282693,-0.0066257613,-0.012778016,0.00033186915,-0.000825057,0.0012209443,0.0066051576,-0.0057781297,-0.0010492721,0.01609903,0.011390753,-0.009052862,-0.0028821116,0.00615625,-0.005879228,0.00656352,0.00024934,-0.00034897696,-0.006365658,0.0022261168,0.00369021,-0.011637073,-0.0076912325,-0.004940125,-0.0010285584,0.00045470646,0.0012652214,0.0022966915,0.0001366229,0.004623055,-0.00489232,0.0008409921,-0.0031378758,-0.00010443749,0.0021139183,0.0071677216,-0.0046510585,0.0018341837,-0.0055518057,-0.006300603,0.0006220061,0.0050854622,-0.0024757967,0.011416981,-4.5980778e-05,-0.006085043,-0.0012269537,-0.0020261554,0.00065027224,0.009090696,-0.0062505323,0.0040976815,-0.0026409465,-0.0046284413,-0.002693576,0.010230231,0.0005024809,0.0054233014,0.0023193588,-0.0027573283,0.0059492677,4.875587e-05,0.0031810717,-0.0059461216,-0.001100321,0.0014136925,-0.00039653663,0.0055052107,0.005006036,-0.0035917636,-0.006511254,0.0023556033,-0.0011997225,0.0062454683,-0.0007156638,-0.001979639,-0.0031278844,0.005484795,-0.0080275135,-0.006549035,-0.0072489916,0.0045005362,-0.0026161396,0.0076609594,-0.007522219,-0.004311353,0.0052223476,0.0054175938,-0.0015133482,0.0066492287,0.006402882,-0.013381873,0.0016853943,0.00072606344,-0.0011431309,0.00011256429,0.00074191723,0.0009741261,-0.00080168137,0.00084535533,-0.0056867893,0.0043029804,-0.009463198,0.003152205,9.002129e-06,0.00072623865,-0.0010199894,0.0043873093,0.0032687993,-0.004652326,-0.0039370414,-0.0034522293,0.004322024,0.0052425796,0.002486596,0.0021131565,0.00050242787,0.00019966788,-0.0006475219,-0.0008470557,0.0030706325,-0.0024176254,-0.005899742,0.005281719,0.0010294038,0.011241723,0.005882959,0.0006262098,0.009823343,-0.002173467,-0.005601487,-0.002564469,0.00018706032,0.0041503944,0.002160419,-0.006451667,0.0036783987,0.001866985,0.00045114956,-0.0070434976,0.005354461,-0.0028430885,0.007963926,-0.012379952,0.008231443,-0.004784871,-0.004299218,0.00066283916,-0.0001604989,0.00021059976,0.0011315037,-0.0030906843,-0.0017648301,0.009656536,0.0026494241,-0.005733866,-0.0072426563,-0.002136526,-0.007275565,0.002443422,-0.005490166,-0.012308371,0.004690198,-0.0027320033,-0.007993785,0.010688317,0.004839089,0.001420735,-0.010142689,-0.0032393446,0.0024681105,0.004722591,0.0026280053,-0.0016995637,-0.0041654287,-0.008180464,0.0023650567,-0.0073154257,0.008283223,0.0044247704,-0.0008893218,0.0013753638,0.0036394738,0.0025304146,-0.0025351495,0.0049953996,-0.0046264897,0.007023956,-0.008184083,-0.0025433663,0.0061874646,-0.005553799,-0.0048797703,0.0013023817,0.006148532,0.005308268,-0.00074692233,0.000690064,-0.010020203,0.009560171,0.007857284,0.0020666923,0.005582585,0.003074932,0.004521273,0.0034209965,-0.000566022,0.0053344956,0.00096784247,0.015013803,0.0066022207,-0.00043895293,0.0015424733,0.0032904733,0.010777597,0.00057004805,-0.006231054,-0.0063627893,-0.004377735,0.0039516105,0.0030360909,0.00376647,-0.00049326004,0.00451806,0.0030117957,0.0012342042,0.0015760364,0.008695889,0.0058421604,0.002030375,-0.00826554,0.002651065,-0.0025202334,-0.00634684,0.0018427654,-0.006255963,0.003912944,-0.0019715184,-0.0013768331,0.0021610279,0.006506369,0.0052173897,-3.0382897e-05,-0.0048574684,0.0065531773,0.0017801231,-0.00083789777,-0.003206573,0.00014410858,0.0014660512,0.0064533795,0.0012285432,0.00025379163,-0.008330297,0.010405515,0.0036146992,0.002201791,-0.0069001974,-0.00042086054,0.0021832471,-0.004163237,-0.0003381846,-0.0033669502,0.0067223506,-0.006149443,0.0040131165,0.003184531,-0.0062047387,0.003942258,-0.00846239,-0.001436197,-0.0010600705,-0.0022419184,-8.409575e-05,0.0103173945,-0.0005856931,0.006041274,-0.0015860847,0.011185505,-0.004871808,2.0164745e-05,-0.00046880296,0.0036496154,0.0007900997,-0.007592814,0.0016604925,0.0047174385,0.009144383,0.006154584,0.000879012,-0.0037527198,-0.004768145,0.005263987,-0.0068165218,-0.0030140763,0.0010973554,0.0030290529,-0.010127777,-0.00083030935,-0.0021657264,0.0020070178,0.0039006358,-0.0070794965,-0.00082492526,-0.008810533,0.0019437596,-0.00065080595,-0.004645845,-0.0008610189,-0.003147213,0.0034168593,0.0037741463,0.0035696933,0.0044139936,0.0031481502,-0.0025902104,-0.011235112,0.0018121498,-0.00038864615,0.003923194,0.0049457313,-0.013732521,0.0104875155,0.0036678892,0.0010748158,0.0020319675,-0.00043007502,0.004569401,0.006584572,-0.0019741114,0.0041049877,-0.00034977807,-0.00018893927,-0.003244063,0.011262731,0.0045976574,-0.010413151,-0.004640973,-0.006946115,0.004493997,-0.0021139798,0.0005130686,0.0025372962,0.0034981722,-0.0026218265,-0.0037743822,0.0070360745,0.006015293,-0.006613063,0.0031416498,-0.0065152417,-0.009880864,-0.0021866432,-0.004488023,-0.0024393608,-0.009417549,-0.008306554,0.006582283,0.0051866793,0.004140615,0.004511427,-0.0003881811,0.0024225516,0.0026432383,-0.0065004225,-0.005451646,0.00043553946,0.0123043265,-0.0083919745,-0.0034755813,-0.0003209051,-0.005189883,0.005727104,-0.0070459265,-0.005197713,-0.006023108,0.0062473784,0.006543465,-0.0023088357,0.0017690863,-0.0023464572,-0.0016404763,0.0013170319,-0.0023568312,0.00050776545,0.00083160884,0.005966092,0.00072868675,-0.006928291,-0.005227826,0.009714015,5.076453e-05,0.002312258,0.004993122,-0.0045210626,-0.003181034,-0.004773585,-0.011452985,0.01204719,0.0049592177,0.008050579,0.0072060386,0.0024427131,0.008897364,-0.003705287,0.0028678773,0.0040736175,0.0029905324,0.009563063,0.009829498,0.002230057,-0.0064874566,-0.008258138,-0.007899151,-0.0002926604,0.001545035,0.013265059,0.0017436511,-0.005590501,-0.005674994,0.008158165,-0.007380515,-0.0007772659,-0.00726913,-0.0107966205,-0.0010284858,0.0067306156,0.0017321086,0.0062421765,-0.0049603046,-0.001652447,-0.0012529019,0.005377694,0.003477727,0.007913681,0.0029940286,-0.010583389,0.004398236,-0.0024616988,0.008540604,-0.009550669,0.0015596817,-0.0077635297,-0.002172977,0.0067041186,0.0053586825,0.002676101,0.0034170563,0.0015664014,-0.011147664,0.0046034018,0.0012420139,0.0065820566,-0.004767311,-0.00043223664,-0.0076763323,0.009727178,0.0033275916,0.0054972484,0.0075461376,0.00038626548,0.0065855836,0.008487141,0.0039835554,-0.00711623,-0.0034786798,0.009782927,0.0019306636,0.004103534,0.0075737657,-0.0019637146,-0.003159504,0.005174023,-0.0039917664,-0.0010067365,0.00038038107,0.0034570782,0.0041221003,0.0138596,0.009403001,0.003088611,-0.0020706549,0.0024996905,2.0815642e-05,-0.011137574,-0.006115992,-0.0013816222,0.0066411626,-0.005438068,-0.0019626983,-0.004892831,0.0075001805,0.007616643,-0.009794159,0.0045589134,0.0013647833,-0.0008167206,0.0013235527,0.0062972256,0.0010462769,0.003663638,0.009193847,-0.007318561,0.00097581523,0.0077933692,0.008647532,-0.0021096072,0.0018600258,0.002474515,-0.0035953247,-0.0039050712,-0.002464242,0.0046434887,-0.015411116,-0.0061659636,-0.0041849506,0.0024018292,0.0043738135,0.006476914,0.0077474015,0.006662639,-0.0014671828,-0.0055707837,-0.0018485944,0.0051931106,-0.006490257,-0.003040766,-0.0018963449,0.0080184,0.0068129147,-0.0020127196,0.0012175345,0.0009743213,0.0024767385,-0.005583279,0.0013650771,0.0008541269,-0.0020809956,0.00619503,-0.0014359016,-0.0052690855,0.0050483528,0.0055336743,-0.009923147,0.0033712343,-0.0042382083,0.008354107,-0.005191811,0.0035866334,0.0018700708,0.0039061517,-0.0035404176,0.00094674155,-0.00921594,-0.00023042854,0.00079149683,0.0050627682,0.0027852943,0.011522798,0.005185799,0.00086593593,-0.004906649,0.011546002,-0.0042058495,0.0028504615,0.00055919203,0.0057174535,0.0030146502,-0.0028364796,0.0006465135,0.0024913137,0.002564324,0.00015631875,0.006968058,0.007868588,-0.00054186326,0.006774468,0.011757912,-0.012398622,0.0022268095,0.0040828697,0.002236543,0.0044468287,-0.00088168756,-0.0002799131,-0.0024974912,0.00038879077,-0.0007269469,-0.0044458476,-0.0060115675,-0.005028625,0.00034970892,0.0023541881,0.00028695492,0.001410053,0.0023938776,-0.005483152,0.0039652293,-0.006831655,-0.0032627638,-0.00019507138,-0.011120437,0.0034777687,-0.0017532196,0.0041493494,0.005078272,-0.0059949863,-0.006827925,0.0005211487,0.0030552323,0.010834495,0.013673092,-0.00122205,0.0028727513,-0.0004411882,0.0030723393,-0.0057486827,-0.0033460094,-0.00015034742,-0.004460784,0.002123581,0.0063560894,-0.0069422885,-0.005248717,-0.007703525,0.004842494,0.002267854,0.00486124,0.003817125,-0.002493634,0.00024625924,-0.00820697,0.0004261487,0.0015099078,-0.0004765663,0.0030415193,0.004471483,-0.009481445,-0.0032619685,-0.0059417137,-0.0007260397,0.009548668,-0.01175083,-0.0025946752,-0.0064336355,-0.0018904539,0.0043336754,0.008207852,-0.0021751637,-0.010705771,-0.00438093,-0.00040856094,0.00014352935,0.009920084,0.0029904926,-0.002787169,0.0027251868,-0.0013967379,-0.003127086,-0.003777957,0.008855616,0.0006464516,-0.0113932835,-0.0037971095,0.0012466243,0.0009989165,0.0026445938,0.01565623,0.0010381511,0.0066953106,-0.007981426,0.0045244303,0.004779559,0.009304439,-0.008268743,0.009227711,0.008568948,-0.0031790726,-0.0037492067,0.008075948,-0.006454714,0.0029479184,-0.002406599,-0.005015976,0.009064872,0.004101093,-0.0022020855,-0.007618685,-0.0022634324,-0.0025735858,0.005725112,0.0017903277,-0.0028541852,0.00074293267,0.005065346,-0.0011703711,-0.00039382253,0.0032235328,0.0062946468,-0.008197108,0.00925339,-0.008851828,-0.002815107,0.00061110465,-0.001189542,0.0032577848,0.008898814,-0.009247928,0.0021966232,0.0065613356,0.012568554,-0.0046198713,-0.0075277616,0.007509319,-0.0010048879,-0.010660753,-0.0037749074,0.0010180429,0.0046986407,0.0075817606,0.0024703455,0.0003208422,-0.0026945088,-0.0057122973,-0.0056391433,-0.004379719,-0.0050649787,0.0005758472,0.001971741,-0.0056998977,-0.0029041646,0.0016236245,-0.00879024,0.001139756,-0.010043101,0.0019999389,0.0040434524,0.0010240255,0.00065120775,-0.0016173752,0.0014731551,0.0003876069,-0.004832529,0.00079622207,0.0023752355,-0.00075445545,0.00019454937,-0.0008421077,0.00076757726,-0.010748378,-0.008727766,0.006245753,0.006797055,0.0017595383,-0.0068526706,-0.0046544448,0.0033770013,0.0016286668,0.001534841,-0.0038227132,0.0012416946,0.0042799176,0.006359336,0.001167994,-0.006784363,0.0012070604,0.007136622,-0.0150982905,0.0033683442,-0.004319791,0.004676,-0.007940637,-0.00677878,0.0038452265,0.0040143807,0.0042839875,0.0018783318,0.0040824525,-0.0059349244,-0.0004245163,-0.0033965586,0.001774895,0.0013469252,-0.0037635989,-0.0004590813,0.0033700902,0.00031754732,-0.008081434,0.00051674247,-0.004116666,0.00061839446,0.0053030597,0.0018840445,0.002551786,0.0047763176,-0.00063878315,-0.00701862,0.0029152022,0.00905106,-0.0005701024,-0.006554848,0.0054139877,-0.0052155997,-0.009124269,-0.003897802,-0.012774014,-0.00810073,0.012505183,-0.0027631645,-0.005564297,-0.011963467,0.008938198,-0.001326534,-0.0039625764,-0.0026439491,0.00029046368,0.005855428,-0.0027329926,-0.0085822875,0.0044090734,-0.004737959,0.0020664195,0.0007819931,0.0069455192,0.0081420075,-0.005476493,-0.0024892949,-0.0016506861,0.0050563677,0.0014509633,-0.00425618,0.0024067548,0.0043507502,-0.0012300562,0.0064823907,0.004470473,0.0090716835,0.0055586095,0.0024422966,-0.0069383816,0.0015452749,0.0032082426,0.008128898,-0.002041862,0.004509354,0.0054811947,0.0027147632,-0.003400568,0.00074605894,-0.002720401,-0.006049993,-0.013541391,-0.0024714093,0.0017599959,-0.0063715586,0.0053507066,0.0039211907,-0.008058722,0.0017842457,0.005956518,0.012212087,-0.0093077095,-0.0077775843,-0.0022505675,0.0076120053,0.0023352713,0.0038998274,0.0041008615,-0.009043854,0.004298748,0.0066078724,-0.0091886,0.010805032,-0.0016659248,-0.0020813707,0.0060206386,-0.007353348,0.009623405,-0.0050494485,-0.0015368048,-0.0024580841,-0.0021393402,-0.0020148708,0.0010751364,0.007033866,0.006594522,0.0057111336,0.0016758202,0.0035625196,-0.009382624,-0.0037001295,0.0036453959,-0.0007142865,-0.004603117,-0.011917353,-0.00067721534,0.0032284863,-0.0035071943,0.006520817,-0.0078914175,0.006840218,-0.004949879,0.008703711,0.0045268633,-0.010552633,0.0031520654,-0.00039055207,-0.0010352881,-0.0043929,0.004115087,-0.004037201,-0.0038747466,0.009937927,0.0008883511,-0.004733282,-0.002686907,-0.00643148,0.0033481594,-0.0055738976,-0.004784933,-0.0032174313,0.006665136,0.0026044778,-0.0015690541,-0.008230067,-0.004432517,0.0015568829,0.0019961114,-0.0068032932,-0.007369394,0.0027877726,-0.003791863,0.0023688036,0.0034547506,0.0070706443,0.010731488,0.0013951921,-0.0055011557,0.0030355155,-0.00081357436,0.0026529818,-0.0035398256,-0.001837442,-0.0083048,-0.0042151664,0.001934937,0.006081025,0.0012325668,-0.0069860206,0.006839479,-0.002460226,0.0038160952,0.0040622316,0.00404796,-0.0010853576,0.0036869133,-0.0013545456,0.013520431,-0.005523284,-0.002646957,0.007318072,-0.00013521506,0.010293264,-0.008228595,-0.00086441555,-0.0020947154,-0.0028174794,-0.008896485,0.0011243859,-0.0036148245,-0.007729411,0.012438575,-0.007152991,0.0047565177,0.0065230327,0.001707188,-0.007648619,0.0038897102,-0.005051317,-0.0034345768,-0.004352532,-0.010770116,0.004960661,-0.0006828515,0.0016364317,-0.00710845,0.005397957,0.0013250234,-0.006420275,0.003987505,0.005350964,0.0073813917,0.004382982,0.00086911436,-0.0009106484,-0.004842309,0.003049274,-0.0003438568,-0.0019222951,0.0037535552,-0.0035397406,0.0023148607,0.0039572264,-0.0044689933,-0.0019489017,0.0048484737,-0.0051170285,-0.009071189,0.0054001827,-0.0009449244,0.0027087142,0.006534479,0.011114147,0.0027369594,-0.0014620847,0.0011378732,0.0008932804,0.0028518788,0.0033176073,-0.0023590615,0.002816364,0.0018129338,0.00077787245,-0.0047263084,0.0024389196,-0.0090639535,0.013559596,-0.005494541,0.00052895135,-0.003989206,0.0041011753,0.002013539,-0.00062919204,-0.009717528,0.0010108316,0.0033526043,-0.005802115,-0.009717163,0.00590347,-0.00067501975,0.008611882,0.010254032,0.005617636,0.002435825,-0.0050462023,-0.0081099,-0.0040373197,-0.0040694824,-0.0032070864,-0.0028398714,-0.001032548,0.005881128,0.0041151443,-0.0011443571,0.0069783167,-9.9104014e-05,0.006060028,-0.0077093965,1.38871055e-05,-0.005199963,-0.004570543,-0.00077732856,-0.0024140247,-0.0013479539,-0.0070039146,0.0066957064,-0.005002563,-0.0007196953,0.0015166926,0.015754892,0.0046552685,0.0050886357,-0.01166525,-0.00086791685,-0.00014178354,-0.0031020474,-0.010820115,-0.006903165,-0.0076039084,-0.01279574,0.003281469,0.0084930835,0.0033886367,-0.0027779576,-0.007632268,0.0032123348,0.0045442516,0.00023886393,0.004159717,0.0014857054,0.0073404415,0.00022863291,-0.0005410966,0.00069951866,-0.012175548,6.6239685e-05,-0.0034211888,-0.0052740574,-0.00084940565,0.003220074,-0.00026280168,-7.599702e-05,0.0059542023,-0.006061706,-0.007389351,-0.013463492,0.011481667,0.0015118251,0.0035701862,0.0004433145,-0.009648525,0.0078933425,0.0036840537,0.0022064114,0.0032267615,-0.006146645,-0.00034001534,-0.005539374,-0.0046318565,0.0038646173,0.004671556,-0.0014373411,-0.0106684845,-0.0034078353,0.005286633,-0.0120652765,0.0052248947,0.009352222,0.006479961,0.00880858,0.0108626215,-0.0034835094,0.009242841,0.0063674003,-0.0010237249,0.003182485,-0.005024499,-0.0020563696,0.0062357136,-0.0006352096,-0.0004771532,0.011468862,0.0056733214,0.0036178858,0.0032127642,-0.0059295553,0.00949888,-0.00049596815,0.004451716,0.011671461,-0.0015345117,-0.0013714526,-0.00035847514,-0.00074929657,0.0021998447,-0.0020345673,0.0008698058,0.0050936053,-0.0078658275,-0.001150942,0.011152698,0.001848155,0.0074186246,0.005604745,-0.0039683003,0.0031893335,0.0051304675,-0.0112448335,0.00728796,0.0013392324,-0.0076194294,0.012390413,-0.007886874,0.008658474,-0.0012513847,0.0020118933,-0.0067913523,0.006706398,0.0063858554,-0.003530851,0.0036666503,0.005589973,-0.009306459,0.001926101,0.0050943457,0.003675566,-0.0030142916,0.0015242725,0.0030532824,-0.0044653215,-0.0048495126,-0.00016733159,-0.0062903175,-0.0013714952,0.006705925,0.0062181884,0.003967276,0.008360426,0.0051920237,-0.0023214116,0.0008967948,0.0033026878,-0.004306443,-0.0019965682,0.0003676696,0.0062140278,-0.0007283976,-0.0023937924,0.00041513002,0.00035949124,0.005977902,0.011169279,0.004476394,0.0032012814,0.0017264723,0.0058999667,-0.004020782,-0.008237357,-0.00842865,0.004717872,-0.0014292123,0.002280888,-0.003409157,0.00015098313,-0.0010209442,-0.0044918717,0.0035428512,0.0055869627,-0.00211897,0.0031610145,-0.004853118,-0.0012251271,0.0005900352,0.0029571136,0.004208622,-0.0040156827,-0.009461719,0.001547642,-0.004729174,-0.006709219,-0.01213131,0.0015258234,-0.005298066,0.003015901,0.009402045,-0.0155481575,-0.0020186577,-0.0023096479,-0.0046954765,0.003858112,0.0027078555,-0.0063545895,0.00033210748,0.0006641909,-0.005778582,-0.006101412,-0.0030553378,0.0037080455,0.0051644174,-0.0120841,0.0015286602,0.00010741498,0.00737215,0.010101893,-0.0018001124,0.0049039754,-0.0008665625,-0.003987441,-0.001201394,0.0043354905,-0.008610836,-0.0029119237,0.01066197,0.0053585046,0.005085199,0.0032791346,-0.0039541037,-0.004685142,0.0030293798,-0.0046924576,0.008912002,-0.00060296897,0.0038003167,0.005976253,-0.00021090747,-0.0058437535,0.0039273608,-0.0054503107,-0.0037966415,0.01364843,-0.008723577,-0.0012132763,-0.0014395112,-0.0005351433,0.003846268,-0.0060883667,-0.0009050022,0.0075569944,0.010327661,-0.0016274065,0.0032319117,-0.0001259747,0.002082247,0.0011619909,-0.0047066435,-0.006283651,-0.0042002327,0.00274738,-0.0047176457,0.0109764235,-0.004383187,-0.0033029323,0.0053141536,-0.007233598,-0.003935812,0.007760243,-0.008205314,-0.0031622725,0.004085671,-0.0062896875,-0.008105785,-0.008421337,-0.0005581404,0.006306306,-0.0045336103,-0.0066219224,-0.00095989613,-0.003660695,-0.0028134307,-0.0037117633,0.0064462065,6.0711605e-05,-0.0019088252,0.0033464283,0.009712439,0.0032801307,0.0045183674,0.010860237,-0.011528548,-0.004069993,-0.0003394393,-0.010032366,0.0026957535,0.0047794757,0.0034543367,-0.007761131,0.0069906176,0.002476465,0.0017983625,-0.00064987474,-0.005239771,0.0074792383,-0.0014043582,0.003956759,-0.005091021,-0.00031146887,0.0058790226,0.005144289,0.0070930193,0.0034272717,0.0014017358,0.007608712,0.0025070019,0.0058136457,0.0030850712,-0.005049786,-0.009008333,-0.0033697307,0.0029342955,-0.0043972465,0.00035858172,0.00027623406,0.004137237,-0.0016219238,-0.013121049,-0.0022760218,-0.0072771786,0.0008804963,0.00052665,-0.008916631,-0.007193283,-0.0031408025,-0.004113492,0.00047970723,-0.00014581856,0.0029975304,0.006045758,0.0013542733,0.001340026,0.0020394314,-0.007609271,0.008270054,-0.00014118695,0.007894826,0.00090701814,0.009420221,0.00024811714,-0.0023832526,-0.0031870217,-0.004092807,0.002585638,0.008006591,0.00820995,-0.002223939,-0.0034554647,-0.006184934,-0.00031156398,0.004805143,-0.008025406,0.0003906757,0.0036049788,-0.007182454,-0.0076779127,0.010902339,-0.0047078,0.005468117,0.0098818,0.008938181,0.0034826936,0.0026966904,-0.009556043,-0.005263485,-0.0022143768,-0.0035610006,0.007556082,0.006941689,-0.00510227,-0.0060048127,-0.0010020899,0.004285384,0.004660103,-0.009740926,-0.009923801,-0.0005112978,0.0011789325,-0.0031632623,-0.005089217,0.0049075326,0.0038495301,0.008538733,0.0036526215,0.00057250913,0.0039666537,0.0005585154,0.0010484623,-0.004049979,0.006491347,0.0026525764,0.001140758,0.006738668,0.009283983,-0.010961684,0.0016977976,0.003018105,-0.007609675,0.013133684,-0.009867028,0.0035423553,0.0051771975,-0.00014863332,0.009018729,0.0005840039,-0.0021879566,-0.008267665,-0.0042294306,-0.0032793577,-0.00058875536,-0.0028347932,0.004151872,0.0023176258,0.002425329,-0.004052655,-0.0028145683,-0.002656977,0.0009198623,0.00066243333,-0.0040759468,0.009920572,-0.0017997898,0.0015731679,-0.0002608813,-0.00616738,0.0016189913,-0.006369961,-0.0031012136,-0.00070700434,-0.0012822638,-0.014652953,0.005495708,-0.00145108,0.007833425,0.004541408,-0.0016183436,0.003828218,-0.005656109,0.0039077927,-0.0034251916,-0.010216966,-0.006374981,-0.0017365925,0.0023220126,0.011719732,0.0073746517,0.004907934,0.0005447154,0.004709693,-0.008935985,-0.00010287067,-0.009432042,0.0039376984,-0.0075404043,-0.0008360958,-0.007152848,0.0015356418,0.0046065827,0.008474416,-5.774218e-05,-0.0026341844,-0.007114564,-0.005024642,-0.0051887217,-0.0073586083,-0.0012881337,-0.0004190829,-0.01831682,-0.0017034898,5.2296997e-05,-3.2156706e-05,0.0005781771,0.0010366119,0.0014009406,-0.0025745193,0.0059123384,0.0012099791,-0.005331734,0.008141448,-0.0025383322,0.0052930005,-0.0012068006,0.004043192,0.0025584998,0.005940387,0.014327334,-0.0005887703,-0.0070022354,-0.0067054788,-0.0028200534,-0.002513427,0.0036094587,-0.0028211258,-0.0013834607,0.0007802782,-0.004174046,0.001680675,-0.0027013228,-0.0048302473,-0.00031063784,0.0032403,0.0041817087,-0.005196442,0.006261268,-0.0030269104,0.0049500247,-0.01057079,-0.0039965324,-0.004251796,0.006509908,-0.0009719268,0.0036673092,-0.003664545,-0.0047400296,-0.00076158764,0.0055320263,-0.003899769,0.0034507227,0.00040859723,-0.010317649,-0.005412111,0.0051105167,-0.012193315,0.0068717618,0.0010919404,-0.0018115803,0.009095349,-0.0005332911,0.0011136784,-0.0021460021,0.006081146,0.004418054,-0.00078929757,-0.002283916,-0.0015063392,-0.0022547757,-0.0014781916,-0.010830179,0.00020738874,-0.004490001,0.002066592,-0.0027463024,0.0070929877,0.001151728,0.0071875816,-0.0007163153,0.00036179466,-0.0014121092,-0.007521306,0.005174672,-0.003724597,-0.004144703,-0.001704444,-0.0061411215,0.0052698953,-0.0039478843,0.0076672444,-0.0042599924,0.0033886505,-0.0070607294,-0.0047887755,0.00044594274,0.0037707244,0.0038953326,0.0012344999,0.0020501688,-0.005915243,-0.0012828251,0.00047796746,0.008038353,8.119524e-05,0.0028535463,-0.0004913842,0.00043394815,0.0018992408,-0.002206738,-0.00791094,-0.0008116525,-0.0005911195,-0.0060978006,-0.0009197093,-0.0016408568,-0.01237457,0.00096789113,-0.0035381296,-0.00041312116,-0.0038349547,0.0061843763,0.00424972,-0.004962021,0.0005527353,-0.008162198,0.0040815463,0.00059300504,-0.010533406,-0.00014148469,-0.0022881087,0.0017728842,-0.00414875,-0.0016594474,-0.009021291,0.0010370985,-0.003254116,-0.0032457716,0.009462813,-0.0013419874,0.0069417814,-0.0042241747,0.0059796553,-0.0053385426,-0.00230372,-0.007747542,-0.0006502897,0.004401407,0.008893031,-0.008113025,0.0005430949,-0.004495938,0.005010552,0.009960618,0.003445417,0.0062025464,0.008452716,0.008401219,0.0025586528,0.0026506546,-0.0064382236,0.003934349,-0.00046829614,0.00093604764,-0.0041353037,0.0024702507,0.00070468814,-0.00801604,0.005888647,4.9280883e-05,-0.0051743886,-0.0030042124,-0.0020199686,-0.00016575448,-0.00059629034,-0.006131187,-0.005025979,-0.0072631924,-0.0073263953,-0.009085284,-0.0075268773,-0.0023445406,0.00020460383,-0.0040974407,-0.0075349845,0.0011683682,-0.009543593,-0.0017424755,-0.0031349093,0.005382129,-0.0054362323,-0.0026848854,-3.568938e-05,-0.001204845,-0.012388881,-0.005602378,0.00037168185,-0.0027267286,0.0037171354,-0.012860487,-0.0027863223,-0.0016162293,-0.004987077,0.0016153067,0.0024730368,0.008203854,-0.0010709314,-0.0040000645,-0.006517278,-0.0038865753,0.007317698,0.0021579745,0.00059168437,0.0014851011,-0.0040602223,0.002977793,-0.0018129477,-0.0018539064,0.0005243531,-0.00901818,-0.011423151,-0.002016671,-0.0007406473,0.0060161944,0.013450068,0.010818884,0.0063518784,0.0036910286,-0.0054433714,0.005707546,0.006598441,-0.001622423,0.010701099,-0.0066919387,0.001444391,0.0039003158,-0.003949522,0.0041911476,0.0031401676,-0.0008289109,0.0030892638,0.0067234477,-0.002450677,0.0018418761,-0.00095298025,0.0045773513,-0.0058976216,0.0059602004,0.004733606,0.00079764077,0.00091803406,0.0013604594,-0.0026189275,-0.0023489334,0.0054691317,0.0057332544,0.008323905,0.0033251478,0.00562794,-0.0052104704,-0.0143054575,0.0013716285,0.0016874741,-0.00013361638,-0.0016870982,0.0011642267,0.0040399553,0.0032636607,-0.0019248272,-0.0032577894,-0.0055824346,0.0019307665,0.006498242,-0.0013501812,0.011256727,0.0074547026,0.0048288354,-0.0056391247,0.0062523093,0.0080249,0.0074163224,0.003582182,-0.0057788985,-0.0054521235,-0.00579109,-0.007243901,-0.01055135,0.00040633912,-0.00089955167,0.0024078297,-0.006103104,0.00061067246,0.0011571456,-0.0015561559,-0.0053996607,-0.0031177986,-0.00084696355,-0.0019940396,0.0059560803,-0.008651328,0.007932557,-0.008990413,-0.009003906,-0.0060686935,-0.0020866254,0.0006291435,0.0010628736,-0.004528446,-0.0024480785,0.0018978794,0.004871261,0.0041299653,0.008335074,-0.0014556146,-0.001157905,-0.0021856541,0.0077659753,-0.0081642615,0.0058016893,-0.0056466344,0.003985923,0.0018998238,0.0022986901,0.003807053,-0.00055922987,0.0014023335,-0.0054758084,-0.00445328,0.0032181547,0.0037111987,0.0009207956,-0.0033086673,-0.00055697357,-0.00059027894,-0.0013884748,0.0018020947,-0.005545296,0.004256209,-0.0031232098,-0.007871669,0.010518667,0.0010634735,-0.0069178743,0.0016800546,-0.0013219634,-0.0012344272,0.0020827244,-0.006119371,0.0018688336,0.0044717,-0.0060213367,-0.0052118436,-0.01018598,0.0010487662,0.0016106854,0.0024056428,-0.0018719517,0.0057686795,0.006256347,-0.0034439326,0.0061748503,0.0016947386,-0.009212431,0.002007626,0.0029221182,-0.0060142926,-0.0042091445,0.00537704,0.0024444486,0.005036441,-0.00082319794,-0.0051544076,-0.005145261,0.0033734923,0.005665442,0.0034597367,0.0029252337,-0.00062612625,-0.003889537,0.007862886,0.003014078,0.002447098,0.008578211,-0.0020788477,0.0052294196,-0.0006062582,-0.0023413175,-0.0022681036,0.0066517717,-0.0026740571,0.005437217,0.0001358804,0.0018665171,0.0012235432,0.000999,-0.006289991,-0.0012387206,0.0024532173,0.002563108,0.0015298439,-0.00080658734,-0.005044618,-0.0011041323,0.00495246,0.0009098384,0.0017206764,-0.013702431,-0.00026197865,0.007078221,0.005103172,0.00095804303,0.0049346164,0.005500793,0.01108339,-0.0012857228,-0.0025067313,-0.0042444407,0.0022646738,-0.009053351,-0.0055283746,0.0019889243,0.0032000165,0.0060729594,0.0031526894,0.004478782,0.002265859,-0.0029442355,0.0042607496,0.0009839496,0.015705148,0.0032926695,-0.002448324,-0.00017926298,7.230665e-05,0.0027555171,0.0061668865,-0.0032670237,0.0006063769,-0.0032848753,-0.008618316,-0.014860314,-0.0016600846,0.0074839243,0.0007004091,0.0034261474,-0.0026034128,0.0022480832,-0.0023637079,0.0035366449,-0.0032464014,0.0030455466,-0.002681793,0.0056342836,0.0009823618,0.0056175734,0.005713283,-0.004359263,0.009120668,0.0030119235,-0.00048186243,-0.0021292435,-0.003927861,-0.0044159754,0.0051161577,0.000531759,-0.01292371,-0.0029447423,0.0050159562,0.004878703,-0.00045479083,0.0025335331,0.00015800094,-0.0021571734,0.0067233387,0.00036751246,0.008476854,-0.003572951,-0.00066152087,0.0019435411,0.00647284,0.0056105135,-0.0017900765,-0.009369363,0.0120087685,-0.001314183,-0.002446886,-0.007520736,0.003700022,-0.0033096157,0.0035906665,-0.006625789,-0.0018437963,-0.0052837925,-0.0052841194,-0.006772524,0.0012545584,0.0018080126,-0.0024039636,0.0029214837,0.0051719644,0.0070231254,0.005761396,0.006749676,0.008240503,0.0008645117,-0.0064579323,0.006774236,-0.008044101,-0.0015102868,-0.0055784318,-0.0026089505,-0.00074067636,-0.004576076,0.00886675,0.002967598,-0.0020880175,-0.00032813573,0.011340156,0.0014140118,0.002698331,0.0050016744,0.0013416011,0.0026624866,0.00023499154,-0.0004571157,-0.007967611,-0.0007066112,-0.003274169,0.0033459836,-0.0033977071,0.0011988364,0.0011097045,-0.0017396708,0.0020106856,-0.0023203113,-0.0029852805,-0.0017846801,-0.00551922,-0.00044068848,0.0034729089,-0.003004028,-0.007034585,0.0043857214,-0.0026268435,0.0006399049,0.007897862,0.009348777,0.005725378,-0.0020570643,0.0026734362,0.0030715256,-0.0044446425,-0.0019450185,0.013570566,0.0022593034,-0.0009000296,0.0018472306,-0.0099696135,-0.0018250154,-0.010918751,0.0033730555,0.004103136,0.004761889,0.010079864,-0.0042136526,-0.005551276,0.0040682605,-0.0012909705,-0.0074985395,0.0040029096,0.0039020663,-0.0041485396,0.0064628203,0.004168807,0.0022227957,0.0071241306,-0.00060818234,8.5219646e-05,0.0010419039,-0.0011062323,-0.010856078,-0.003484876,-0.0034159997,-0.0046719788,0.0011511989,-0.0022930957,0.003591422,-0.0006792017,0.0057692765,0.0072000874,0.0013775036,-0.0034847304,-0.0009982927,-0.0055538886,-0.00075363804,0.0017744376,-0.0005182576,-0.01145286,0.0062172543,0.0011877625,-0.006546217,0.005037896,0.0042234333,-0.0050930902,0.0005886943,-0.007764743,-0.0017704038,0.002092023,0.0038879463,-0.01137928,-0.003213134,0.0026427526,-0.0042608236,0.0003473287,-0.0015916814,0.0010275854,-0.0034364008,0.003466653,0.0055235694,-0.0075523597,-0.000504727,0.0055194814,-0.003918158,-0.0039956993,-0.0016053476,0.0077818977,-0.0015435835,0.0012760416,0.002943348,0.0078717945,0.00023397319,-0.008906155,0.003160985,-3.837771e-05,0.008236684,-0.00038660856,-0.0055603306,0.002909608,0.0064037894,-0.0103982305,-0.0016472874,-0.00057575986,-0.007845659,-0.0003862935,-0.010003858,0.0021807966,-0.0050293645,0.001028631,0.0030866354,-0.012464937,0.008291808,-0.0018709565,0.0024070635,1.7404373e-05,0.0034957016,-0.0032797204,0.0034477327,0.004361807,-0.0053751706,0.0019747438,-0.0036571352,-0.0055039194,0.00015617623,0.0014007932,0.005159646,-0.0068409634,-0.006260905,-0.0036792038,-0.0015836025,-0.005958135,0.0055098473,0.008299717,0.001459216,-0.0024714814,0.0074140565,-0.004170584,-0.0040841377,0.008790853,0.008298676,-0.0056899213,0.0023359933,0.0073221573,0.0050588357,-0.00094828976,-0.01346957,-0.00031721793,-0.0076495884,-0.008471535,-0.004885044,0.0038771557,0.00300396,-0.0036170513,-0.0062595084,0.0040209717,-0.0032339038,-0.0010521918,0.0031998428,-0.000787816,0.008231771,-0.0015744413,-0.010792789,0.0036239212,0.0058309087,-0.0005306766,-0.0013978262,0.0104829315,-0.003601983,0.0017048687,0.010447258,-0.0059480374,0.0035522818,0.0028959492,0.004762951,0.0050494345,0.006075007,0.0014460221,0.0011155492,0.0025319168,0.008065703,0.004295433,-0.013651179,-0.00833425,-5.7077665e-05,-0.00076493353,0.0016605421,0.005067573,0.0023726514,0.0065433993,0.0013160814,-0.004412465,0.005521986,-0.007580657,0.00052100973,4.8227837e-05,-0.0015404006,0.005846055,0.0062061623,-0.0030462402,-0.009747513,0.0009911945,-0.0054916535,-0.012006131,-0.0021989138,-0.00877946,0.0010989233,-0.003347568,-0.0055237655,0.00027812953,-0.007387363,-0.008532034,-0.0017007419,-0.0037870759,0.0034920007,-0.0006659263,0.0021837451,0.0027818182,-0.00061511464,-0.008709776,0.0006494129,0.0027221863,0.00084365584,0.0020049242,-0.002885662,-0.007773912,-0.0024051745,0.0019602575,-0.011143492,-0.0073463162,0.0068731126,0.00026950095,0.0032109309,-0.00067995215,-0.010962133,0.00048040686,0.0007052782,0.00035484173,-0.00554619,-0.0020487264,-0.0019705608,0.00022898249,0.0034709983,0.004641079,0.0025390107,0.009551314,-0.002967493,0.0026787284,-0.005066817,-0.0038686881,0.006540743,0.0071298797,0.0043228446,0.0013604047,0.0042120526,-0.0009009096,-0.008452128,0.0029788935,-0.010074335,-0.006626957,-0.00321253,0.006334406,-0.00084826315,0.0029585052,0.0007941016,-0.0025723712,0.007736142,-0.011081624,-0.006794017,0.0040744003,-0.0076047103,0.0021477593,0.00364824,-0.0042310585,0.00059702725,-0.0007183954,0.0059103053,0.005746511,-0.0038001337,-0.0018362406,-0.005493347,-0.0070320726,-0.00155693,0.0005856543,0.009532873,-0.00231006,0.0024789525,-0.0033826432,0.0038300324,0.0016896107,-0.010695782,-0.003721735,0.004016947,0.011382274,0.0031799604,-0.003226964,0.008157332,0.00547529,-0.0014850734,0.0024737993,-0.0012431926,-0.006158401,0.0011095812,-0.0050077564,-0.0014878273,-0.0029646575,0.0016770879,-0.001722464,-0.007317839,0.004370934,0.009280356,-0.005810677,-1.3535374e-06,0.004551411,-0.0076091522,0.006058537,-0.00080026675,-0.0066482197,-0.0032485633,-0.0024781036,0.006295667,0.0052732844,-0.007083697,-0.0030707787,0.0021860877,0.002337933,-0.0096113505,0.00076613197,0.0029582535,-0.0046505174,0.0015034784,-0.0064962087,-0.01025082,-0.005995974
